african_great_lakes={
	location=4064
	color={
		57 168 220 
	}
	inland=yes
	outgoing={
		name="zanzibar"
		path={
			1273 1202 
		}
		control={
			3351.000000 607.000000 3388.000000 610.000000 3416.000000 580.000000 
		}
	}
	outgoing={
		name="kongo"
		path={
			4063 4070 4099 
		}
		control={
			3299.000000 628.000000 3287.000000 595.000000 3270.000000 574.000000 3260.000000 559.000000 3231.000000 537.000000 
		}
	}
	members={
		1273 1649 1798 1799 1925 4053 4054 4055 4056 4057 4058 4059 4060 4061 4062 4063 4064 4065 4066 4067 4068 4069 4070 4071 4072 4073 4074 4075 4076 4077 
	}
}
kongo={
	location=4097
	color={
		171 148 148 
	}
	inland=yes
	outgoing={
		name="ivory_coast"
		path={
			1170 1464 
		}
		control={
			3169.000000 587.000000 3115.000000 585.000000 3050.000000 593.000000 3007.000000 566.000000 2939.000000 618.000000 2930.000000 701.000000 
		}
	}
	outgoing={
		name="zambezi"
		path={
			4046 1191 1187 
		}
		control={
			3191.000000 456.000000 3231.000000 424.000000 3273.000000 399.000000 3319.139893 402.510010 
		}
	}
	members={
		798 1169 1170 1901 2948 2949 4081 4082 4083 4084 4085 4086 4087 4088 4089 4090 4091 4092 4093 4094 4095 4096 4107 4098 4100 4101 4102 4103 4097 4099 4105 4109 
	}
}
zambezi={
	location=1191
	color={
		32 164 51 
	}
	inland=yes
	outgoing={
		name="zanzibar"
		path={
			1192 1195 1196 
		}
		control={
			3369.000000 358.000000 3436.000000 414.000000 3412.000000 515.000000 
		}
	}
	members={
		1184 1185 1187 1188 1189 1190 1191 2950 2951 2952 4034 4035 4036 4037 4038 4039 4040 4041 4042 4043 4044 4045 4046 4047 4048 4050 4104 4106 4108 
	}
}
patagonia={
	location=2868
	color={
		108 127 94 
	}
	outgoing={
		name="laplata"
		path={
			1537 1536 
		}
		control={
			1840.000000 159.000000 1912.000000 221.000000 
		}
	}
	outgoing={
		name="cuiaba"
		path={
			1537 1536 
		}
		control={
			1750.000000 400.000000 1750.000000 520.000000 
		}
	}
	members={
		2868 2876 2869 786 2873 2874 780 781 782 783 2870 2875 2863 784 787 2862 785 2867 2871 2872 
	}
}
amazonas_node={
	location=2935
	color={
		113 94 123 
	}
	outgoing={
		name="brazil"
		path={
			1529 1530 1531 
		}
		control={
			2087.000000 866.000000 2168.000000 834.000000 
		}
	}
	outgoing={
		name="carribean_trade"
		path={
			1529 1528 1576 1522 1520 1519 1517 1516 
		}
		control={
			2038.000000 888.000000 1995.000000 958.000000 1905.000000 997.000000 1856.000000 1044.000000 1743.000000 1078.000000 1659.000000 1115.000000 
		}
	}
	outgoing={
		name="cuiaba"
		path={
			1529 1530 1531 
		}
		control={
			2100.000000 820.000000 2000.000000 670.000000 
		}
	}
	members={
		1802 1803 2909 2910 2911 2929 2930 2931 2933 2934 2935 2889 2937 2938 2804 2811 742 744 747 748 749 2890 2923 2924 2926 2927 2928 745 746 2936 502 743 2803 752 2886 2925 4617 
	}
}
rio_grande={
	location=2499
	color={
		207 103 51 
	}
	outgoing={
		name="mississippi_river"
		path={
			1508 1507 
		}
		control={
			1338.000000 1333.000000 
		}
	}
	outgoing={
		name="mexico"
		path={
			1508 1509 2647 2646 
		}
		control={
			1321.000000 1291.000000 1309.000000 1233.000000 1298.000000 1179.000000 1262.000000 1165.000000 
		}
	}
	outgoing={
		name="california"
		path={
			1508 1509 2647 2646 
		}
		control={
			1110.000000 1400.000000 1000.000000 1440.000000 930.000000 1460.000000 
		}
	}
	members={
		863 864 2498 2618 861 2614 2619 2666 2667 858 2499 2668 880 881 2495 875 878 2493 2494 882 885 2496 2497 883 886 2500 884 887 888 2665 2669 4606 4627 4629 4628 4644 4630 4631 4632 4909 4910 4911 
	}
}
james_bay={
	location=1486
	color={
		97 220 117 
	}
	outgoing={
		name="st_lawrence"
		path={
			1000 1002 992 993 990 994 1490 
		}
		control={
			1555.000000 1776.000000 1597.660034 1711.949951 1615.000000 1653.000000 1668.000000 1664.000000 1687.000000 1684.000000 1714.000000 1707.000000 1766.000000 1727.000000 1793.000000 1730.000000 
		}
	}
	outgoing={
		name="california"
		path={
			1000 
		}
		control={
			1500.000000 1840.000000 1400.000000 1860.000000 1330.000000 1870.000000 1290.000000 1840.000000 1310.000000 1750.000000 1250.000000 1700.000000 1034.000000 1632.000000 967.000000 1660.000000 896.000000 1634.000000 878.000000 1607.000000 
		}
	}
	members={
		1486 998 999 1000 1003 1004 1005 1006 1008 1009 1010 1011 1805 1806 1807 1811 1813 2004 2005 2016 2017 2018 2589 2590 2591 2592 2593 2594 2595 2596 2597 2598 2599 2600 2601 2602 2603 2511 1812 2588 1002 2006 2501 2502 2503 2510 906 909 4902 4917 4918 4919 4920 
	}
}
california={
	location=2021
	color={
		151 139 21 
	}
	outgoing={
		name="mexico"
		path={
			1556 1555 1554 1552 1551 
		}
		control={
			880.000000 1474.000000 937.000000 1375.000000 1027.000000 1241.000000 1152.000000 1160.000000 
		}
	}
	outgoing={
		name="mississippi_river"
		path={
			872 873 2019 2020 2006 2008 903 902 900 895 2014 893 1507 
		}
		control={
			878.000000 1607.000000 896.000000 1634.000000 967.000000 1660.000000 1034.000000 1632.000000 1116.000000 1656.000000 1204.000000 1615.000000 1288.000000 1591.000000 1368.163940 1532.114014 1396.000000 1494.000000 1374.000000 1432.000000 1358.000000 1397.000000 1369.000000 1363.000000 
		}
	}
	outgoing={
		name="girin"
		path={
			1557 1684 1686 1685 1683 1668 1669 1440 1387 1980 1850 2106 2108 730 
		}
		control={
			827.000000 1584.000000 749.000000 1631.000000 467.000000 1759.000000 175.000000 1866.000000 6790.000000 1962.000000 6365.000000 1930.000000 5963.000000 1956.000000 5602.000000 1845.000000 5321.000000 1627.000000 5185.000000 1486.000000 5113.000000 1574.000000 5010.000000 1617.000000 4939.000000 1554.000000 4888.000000 1489.000000 4835.000000 1447.000000 
		}
	}
	outgoing={
		name="th_trade_node_moon"
		path={
			1556 1684 1686 1685 1683 7239 7209 6910 5318 6946 6942 6717 6781 6841 5320 
		}
		control={
			849.000000 1492.000000 661.000000 1606.000000 431.000000 1626.000000 193.000000 1678.000000 47.000000 1653.000000 7123.729980 1703.296997 7064.728027 1754.504028 7018.198242 1777.459961 7001.772949 1763.515991 6969.497070 1742.114014 6926.598145 1737.134033 6892.388184 1742.453003 6845.163086 1747.918945 6824.641113 1736.848022 
		}
	}
	outgoing={
		name="th_trade_node_deep_netherworld"
		path={
			1556 1684 1686 1689 1690 
		}
		control={
			808.000000 1552.000000 661.000000 1606.000000 431.000000 1626.000000 270.820007 1468.630005 62.000000 1356.000000 
		}
	}
	members={
		855 859 862 877 2616 865 866 2620 868 871 869 2021 2476 867 876 879 2491 870 2477 2478 2479 2480 872 2481 2482 2483 873 2486 2487 2488 2019 2020 2506 2489 2490 874 2484 2485 2003 2604 2605 2606 2607 972 973 974 2610 975 2022 2609 976 977 2613 978 979 2611 2612 1808 4648 4646 4650 4633 4577 4639 4635 4636 4637 4638 4634 4649 4578 4647 860 2492 
	}
}
mississippi_river={
	location=1507
	color={
		125 119 117 
	}
	outgoing={
		name="carribean_trade"
		path={
			1506 1505 1525 1516 
		}
		control={
			1494.000000 1317.000000 1541.000000 1254.000000 1607.000000 1231.000000 
		}
	}
	outgoing={
		name="ohio"
		path={
			921 2528 939 
		}
		control={
			1398.000000 1375.000000 1395.000000 1426.000000 1437.000000 1493.000000 
		}
	}
	members={
		893 2014 2516 900 902 2513 2514 894 895 897 924 925 2531 2532 919 920 2528 2529 918 939 934 899 2509 2515 889 890 2507 2625 891 892 896 898 901 903 2508 2672 921 922 923 2530 2533 905 907 2007 1809 2008 2009 2504 2505 904 908 2512 1507 4883 4884 4885 4886 4900 4901 4905 4906 4908 4913 4914 4915 4916 4923 
	}
}
ohio={
	location=2526
	color={
		129 214 238 
	}
	inland=yes
	outgoing={
		name="chesapeake_bay"
		path={
			948 2011 
		}
		control={
			1522.000000 1531.000000 
		}
	}
	outgoing={
		name="st_lawrence"
		path={
			946 991 
		}
		control={
			1503.000000 1559.000000 
		}
	}
	members={
		987 989 2585 2670 988 2586 2587 2671 991 1001 1007 2015 910 911 2517 2518 912 913 914 915 916 917 2519 2520 944 945 2521 2522 942 943 2523 2524 946 947 948 2525 954 2555 2556 955 2557 951 2526 2551 940 941 958 959 960 961 964 963 2559 4912 4872 4875 4876 4887 4888 4889 4898 4899 4903 4904 4907 4921 4922 
	}
}
mexico={
	location=1551
	color={
		0 176 0 
	}
	outgoing={
		name="carribean_trade"
		path={
			847 848 1510 1511 1512 1518 1516 
		}
		control={
			1313.000000 1105.000000 1323.000000 1142.000000 1336.000000 1183.000000 1378.000000 1226.000000 1435.000000 1236.000000 1499.000000 1202.000000 1563.000000 1197.000000 1600.000000 1177.000000 1623.000000 1171.000000 1637.000000 1165.000000 
		}
	}
	outgoing={
		name="panama"
		path={
			1550 1549 1548 835 
		}
		control={
			1285.000000 1092.000000 1382.000000 1072.000000 1451.000000 1020.000000 1501.000000 986.000000 1531.660034 974.880005 1557.000000 983.000000 
		}
	}
	outgoing={
		name="th_trade_node_sunflower"
		path={
			1552 1695 1694 1693 1699 1714 1442 7235 7234 7233 7232 7231 1439 7088 5809 5814 5153 
		}
		control={
			1152.000000 1160.000000 1029.000000 1117.000000 840.000000 1249.000000 429.000000 1138.000000 298.000000 1111.000000 139.160004 1128.650024 7218.509766 1154.130005 7038.000000 1192.000000 6509.000000 1353.000000 6280.000000 1474.000000 6197.975098 1472.493042 6178.106934 1486.348022 
		}
	}
	outgoing={
		name="th_trade_node_mayohiga"
		path={
			1552 1695 1696 1715 1699 1714 1442 7096 7166 7161 7097 1672 7082 5656 5669 5668 5664 7072 5504 5068 5498 5495 5067 
		}
		control={
			1156.000000 1078.000000 970.000000 1063.000000 831.000000 1112.000000 651.000000 1011.000000 269.000000 962.000000 7019.000000 1116.000000 6548.000000 1026.000000 6252.000000 892.000000 6162.000000 897.000000 6072.000000 981.000000 6047.000000 1004.000000 6047.000000 1004.000000 
		}
	}
	members={
		1551 854 2617 2621 2657 851 2622 2623 2624 2643 849 2627 2645 2648 850 852 2626 2628 2644 848 2630 2631 2641 2647 844 847 2629 2646 2632 2635 2638 2649 841 842 843 2636 2653 845 2633 2650 2651 846 2634 2652 853 856 857 2615 2642 4589 4594 4587 4586 4585 4588 4591 4590 4584 4582 4598 4583 4581 4571 4570 4572 4641 4573 4575 4580 4574 4579 4576 4640 4642 4643 4645 839 
	}
}
lhasa={
	location=677
	color={
		189 115 100 
	}
	inland=yes
	outgoing={
		name="lahore"
		path={
			2129 2128 2074 508 
		}
		control={
			4149.000000 1199.000000 4046.000000 1217.000000 
		}
	}
	outgoing={
		name="chengdu"
		path={
			2132 2167 675 679 
		}
		control={
			4286.000000 1196.000000 4365.000000 1197.000000 4427.310059 1151.910034 
		}
	}
	outgoing={
		name="ganges_delta"
		path={
			562 4479 
		}
		control={
			4201.000000 1131.000000 4206.000000 1106.000000 4187.000000 1090.000000 4205.000000 1073.000000 4203.000000 1058.000000 4210.000000 1047.000000 4207.000000 1038.000000 4221.000000 1026.000000 4234.000000 1003.000000 
		}
	}
	members={
		2129 2128 676 705 706 2134 4204 677 2130 4205 565 4481 4482 557 2070 2071 4483 4485 4514 4515 4516 4517 4518 4519 4520 
	}
}
chengdu={
	location=679
	color={
		107 157 131 
	}
	inland=yes
	outgoing={
		name="canton"
		path={
			680 673 2163 2165 665 667 1371 
		}
		control={
			4506.000000 1143.000000 4513.000000 1093.000000 4498.000000 1039.000000 4528.000000 1030.000000 4568.000000 1025.000000 4580.000000 1023.000000 
		}
	}
	outgoing={
		name="xian"
		path={
			2169 689 700 
		}
		control={
			4474.000000 1173.000000 4519.000000 1194.000000 
		}
	}
	outgoing={
		name="burma"
		path={
			675 2167 2166 583 2400 
		}
		control={
			4416.000000 1100.000000 4374.000000 1058.000000 4303.000000 1027.000000 
		}
	}
	members={
		2132 2167 678 2135 2131 2133 660 661 2165 2166 679 680 4212 2169 2170 4211 675 2168 2748 4213 
	}
}
burma={
	location=584
	color={
		35 229 76 
	}
	outgoing={
		name="ganges_delta"
		path={
			4396 1815 
		}
		control={
			4297.000000 951.000000 4306.000000 891.000000 4277.000000 895.000000 4254.000000 947.000000 
		}
	}
	outgoing={
		name="gulf_of_siam"
		path={
			4395 585 586 590 2403 4835 4834 600 4831 1365 
		}
		control={
			4310.000000 953.000000 4335.000000 902.000000 4351.000000 877.000000 4377.000000 878.000000 4383.000000 823.000000 
		}
	}
	members={
		570 573 2041 584 2399 581 2398 580 4393 2397 566 571 2040 2042 4440 4394 4396 585 4395 583 588 2400 4397 4406 587 2401 4398 582 2395 2396 4404 4405 567 2091 4473 1815 4399 586 590 2403 
	}
}
gulf_of_siam={
	location=1365
	color={
		84 152 93 
	}
	outgoing={
		name="malacca"
		path={
			1364 1362 1361 
		}
		control={
			4403.000000 767.000000 4431.000000 709.000000 4446.000000 665.000000 
		}
	}
	outgoing={
		name="canton"
		path={
			1370 1369 1366 1364 1365 
		}
		control={
			4416.000000 771.000000 4511.000000 811.000000 4541.000000 874.000000 4547.000000 938.000000 4587.000000 968.000000 
		}
	}
	members={
		592 600 601 602 603 604 605 606 609 607 608 611 612 614 615 1817 1823 1844 1022 2374 2375 2376 2377 2378 2379 2380 2381 2382 2383 2384 2385 2386 2387 2388 2389 591 2404 2371 1365 589 4822 4823 4824 4825 4826 4827 4828 4829 4830 4831 4832 4833 4834 4835 4836 4837 4838 4839 4840 4841 4842 
	}
}
canton={
	location=1371
	color={
		142 70 239 
	}
	outgoing={
		name="malacca"
		path={
			1394 1367 1362 1361 
		}
		control={
			4611.000000 901.000000 4555.000000 789.000000 4459.000000 737.000000 4475.000000 665.000000 
		}
	}
	outgoing={
		name="hangzhou"
		path={
			1372 1824 684 
		}
		control={
			4640.000000 1012.000000 4686.000000 1065.000000 4720.000000 1127.000000 
		}
	}
	outgoing={
		name="philippines"
		path={
			1394 1397 
		}
		control={
			4644.000000 947.000000 4672.000000 874.000000 4704.000000 866.000000 4711.000000 876.000000 4727.000000 885.000000 
		}
	}
	outgoing={
		name="th_trade_node_hell"
		path={
			1372 1392 1441 6477 5269 6470 6444 4982 
		}
		control={
			4639.000000 1016.000000 4731.000000 1086.000000 4905.000000 1021.000000 5038.000000 1076.000000 5038.000000 1076.000000 
		}
	}
	members={
		2161 1371 610 613 616 664 665 666 667 668 672 738 1016 1840 2154 2155 2156 2157 2158 2159 2160 2162 2163 2164 2173 2174 2372 671 2373 662 663 673 674 4199 4820 4819 4821 
	}
}
cuiaba={
	location=800
	color={
		117 154 166 
	}
	outgoing={
		name="laplata"
		path={
			800 1536 
		}
		control={
			1899.000000 558.000000 1905.000000 456.000000 1863.000000 344.000000 1870.000000 313.000000 1888.000000 301.000000 
		}
	}
	outgoing={
		name="lima"
		path={
			800 809 
		}
		control={
			1770.000000 628.000000 1670.000000 682.000000 
		}
	}
	outgoing={
		name="brazil"
		path={
			800 809 
		}
		control={
			2000.000000 600.000000 
		}
	}
	members={
		800 2902 2901 801 2835 2834 2838 794 2942 797 2941 2940 2946 795 793 2900 796 2840 2839 2837 792 791 2841 2836 802 804 2831 2947 803 2832 2833 775 776 799 2842 2882 2883 2888 2903 2904 2905 
	}
}
lima={
	location=809
	color={
		133 63 37 
	}
	outgoing={
		name="panama"
		path={
			1545 1546 1547 1548 835 
		}
		control={
			1575.000000 696.000000 1527.000000 788.000000 1540.000000 876.000000 1586.000000 951.000000 
		}
	}
	members={
		812 2002 2821 2822 2826 816 817 819 820 2820 815 818 821 2823 2944 2945 813 2824 2825 2943 809 810 811 814 2827 807 808 2829 2830 805 806 2828 
	}
}
hangzhou={
	location=684
	color={
		187 115 56 
	}
	outgoing={
		name="xian"
		path={
			686 687 1836 700 
		}
		control={
			4684.000000 1156.000000 4652.000000 1177.000000 4599.000000 1195.000000 4573.000000 1192.000000 4537.000000 1199.000000 
		}
	}
	outgoing={
		name="beijing"
		path={
			684 1373 1374 1375 
		}
		control={
			4727.000000 1169.000000 4743.000000 1243.000000 4715.000000 1289.000000 4689.000000 1298.000000 
		}
	}
	outgoing={
		name="nippon"
		path={
			684 1373 1389 
		}
		control={
			4760.000000 1154.000000 4799.000000 1199.000000 
		}
	}
	members={
		669 670 683 684 685 686 1821 1822 1824 1829 1833 1838 1897 2143 2144 2145 2146 2147 2148 2149 2150 2151 2152 2153 2141 2142 4196 
	}
}
xian={
	location=700
	color={
		187 88 205 
	}
	inland=yes
	outgoing={
		name="beijing"
		path={
			1836 692 2137 2140 691 2138 1375 1816 
		}
		control={
			4532.000000 1227.000000 4550.000000 1235.000000 4592.540039 1233.510010 4622.000000 1257.000000 4638.000000 1267.000000 4660.000000 1280.000000 4671.000000 1300.000000 
		}
	}
	outgoing={
		name="yumen"
		path={
			689 698 706 707 
		}
		control={
			4503.000000 1223.000000 4476.000000 1256.000000 4436.000000 1282.000000 
		}
	}
	members={
		687 1836 2181 2180 698 699 688 692 2183 2175 2176 681 682 2171 2172 4197 689 700 2179 4198 701 709 2191 4223 4676 
	}
}
beijing={
	location=4233
	color={
		203 200 25 
	}
	outgoing={
		name="yumen"
		path={
			695 696 697 701 709 707 
		}
		control={
			4642.000000 1325.000000 4583.000000 1333.000000 4520.000000 1311.000000 4429.000000 1321.000000 
		}
	}
	outgoing={
		name="girin"
		path={
			1816 704 726 2110 
		}
		control={
			4671.000000 1368.000000 4719.000000 1397.000000 4752.000000 1386.000000 
		}
	}
	members={
		690 691 702 2138 2139 2140 2114 2747 703 1816 2136 4194 695 696 2137 4195 704 726 2112 2113 693 694 697 2177 2178 4233 4652 4671 4670 
	}
}
girin={
	location=730
	color={
		41 82 45 
	}
	outgoing={
		name="siberia"
		path={
			2109 722 721 1057 1060 1062 1064 
		}
		control={
			4726.000000 1497.000000 4604.000000 1533.000000 4431.000000 1539.000000 4365.000000 1590.000000 
		}
	}
	outgoing={
		name="nippon"
		path={
			732 1377 1376 
		}
		control={
			4805.000000 1332.000000 4833.000000 1296.000000 4845.000000 1259.000000 
		}
	}
	outgoing={
		name="th_trade_node_pandaemonium"
		path={
			4661 2108 2106 1850 1386 1033 1385 1441 1034 7118 6061 5214 
		}
		control={
			4817.000000 1372.000000 4848.000000 1356.000000 4923.000000 1356.000000 4991.000000 1433.000000 5045.000000 1424.000000 5125.000000 1466.000000 5236.000000 1519.000000 5331.000000 1620.000000 5379.000000 1620.000000 5419.000000 1587.000000 5447.853027 1574.697998 
		}
	}
	outgoing={
		name="th_trade_node_moriya_coast"
		path={
			4661 2108 2106 1850 1386 7138 7137 7123 5345 6111 4965 
		}
		control={
			4831.000000 1396.000000 4867.000000 1406.000000 4897.000000 1404.000000 4936.000000 1406.000000 4991.000000 1433.000000 5045.523926 1424.642944 5233.000000 1463.000000 5359.000000 1406.000000 5418.000000 1380.000000 5460.000000 1406.000000 
		}
	}
	members={
		1850 1049 2107 2108 2111 2106 2186 1058 2102 2104 1053 2103 1034 1035 1036 1037 1038 1039 1040 1041 1042 1043 1044 1046 1047 1052 1783 2438 2439 2440 2446 1055 1056 1057 730 2110 2188 4201 1033 1048 1050 4214 4216 729 731 2105 4215 4217 722 2109 2187 4202 4203 724 725 4218 727 728 2185 4200 4654 4655 4656 4657 4658 4659 4660 4661 4662 4653 4663 4664 4665 4674 4675 4672 2115 
	}
}
nippon={
	location=1376
	color={
		38 35 46 
	}
	outgoing={
		name="philippines"
		path={
			1373 1392 1393 1395 1368 1360 1361 
		}
		control={
			4823.000000 1199.000000 4821.000000 1123.000000 4790.000000 1074.000000 4737.000000 977.000000 4721.000000 920.000000 
		}
	}
	outgoing={
		name="th_trade_node_hell"
		path={
			1390 1441 6477 5269 6470 6444 4982 
		}
		control={
			4918.200195 1108.290039 4978.756836 1093.963989 5019.104004 1071.260986 5048.863770 1067.365967 5059.126953 1085.312988 
		}
	}
	outgoing={
		name="th_trade_node_moriya_coast"
		path={
			1388 1980 1025 4131 4225 7137 7123 5345 6111 4965 
		}
		control={
			4923.000000 1356.000000 5029.000000 1437.000000 5224.000000 1457.000000 5366.620117 1385.890015 5449.000000 1427.000000 5449.000000 1427.000000 
		}
	}
	outgoing={
		name="th_trade_node_bestial"
		path={
			1388 1980 1387 1847 1852 7137 6285 5044 
		}
		control={
			4894.000000 1299.000000 4945.000000 1346.000000 4996.000000 1352.000000 5004.000000 1371.000000 5050.000000 1385.000000 5109.701172 1416.370972 5203.551758 1437.593018 
		}
	}
	members={
		1376 1012 1014 1017 1018 1019 1020 1021 1023 1024 1025 1026 1027 1028 1029 1030 1031 1032 1818 1819 1820 1825 1830 1832 1835 1837 1839 1843 1847 1852 4131 4180 4181 4182 4183 4184 4185 4186 4187 4188 4189 4190 4191 4192 4193 1015 4359 4360 4651 1845 2744 4232 732 2742 2743 733 735 4230 4231 734 736 2694 2745 4227 737 1013 2741 4228 4229 
	}
}
philippines={
	location=1397
	color={
		105 150 197 
	}
	outgoing={
		name="the_moluccas"
		path={
			1399 1357 
		}
		control={
			4744.000000 825.000000 4754.000000 803.000000 4745.000000 791.000000 4702.000000 774.000000 4673.000000 717.000000 4670.000000 659.000000 4651.569824 562.130005 4686.000000 559.000000 
		}
	}
	outgoing={
		name="th_trade_node_lone_coast"
		path={
			4945 1675 
		}
		control={
			4938.000000 764.000000 
		}
	}
	members={
		1397 2701 2702 4355 652 653 4354 654 2700 4351 4352 4353 651 655 4356 657 658 2698 4348 656 2697 2699 4349 4350 
	}
}
siberia={
	location=1064
	color={
		82 49 21 
	}
	inland=yes
	outgoing={
		name="kazan"
		path={
			1062 1064 480 479 472 475 1082 
		}
		control={
			4084.209961 1695.109985 3879.000000 1758.000000 3732.000000 1640.000000 3702.000000 1655.000000 3654.000000 1634.000000 
		}
	}
	outgoing={
		name="samarkand"
		path={
			480 478 477 1969 457 454 
		}
		control={
			4161.000000 1597.000000 4058.000000 1443.000000 3976.000000 1372.000000 3892.000000 1348.000000 
		}
	}
	members={
		1782 1781 1071 479 1054 1059 1061 1062 1063 1064 1067 1068 1070 480 1069 1073 1074 1080 1078 1075 1076 2357 2369 2427 2428 2429 2430 2431 2432 2433 2434 2436 2437 2442 2443 2445 1072 1780 1045 2435 1051 2441 2354 716 1065 1066 1060 4679 4686 4687 4688 4689 4690 4691 4692 
	}
}
yumen={
	location=707
	color={
		128 65 66 
	}
	inland=yes
	outgoing={
		name="samarkand"
		path={
			713 1786 739 1785 452 1967 454 
		}
		control={
			4257.000000 1318.000000 4131.000000 1298.000000 4047.000000 1300.000000 3994.000000 1290.000000 3932.000000 1308.000000 3893.000000 1304.000000 3863.000000 1312.000000 
		}
	}
	members={
		710 1786 707 708 711 714 719 1784 2118 2119 2123 2189 2190 2194 2182 2184 2122 4206 4207 717 721 2116 4219 4220 720 2193 4221 713 715 2120 4208 718 2117 4222 712 2121 2192 4673 4666 4667 723 4669 4668 4681 4683 4682 4678 4677 4680 4684 4693 
	}
}
malacca={
	location=1361
	color={
		89 205 67 
	}
	outgoing={
		name="ganges_delta"
		path={
			1348 1347 1345 1344 1343 
		}
		control={
			4329.000000 740.000000 4311.000000 813.000000 4279.000000 878.000000 4242.000000 943.000000 
		}
	}
	outgoing={
		name="cape_of_good_hope"
		path={
			1352 1624 1623 1647 1630 1626 1459 
		}
		control={
			4470.000000 623.000000 4477.000000 580.000000 4429.000000 542.000000 4281.000000 536.000000 4159.000000 494.000000 3997.000000 488.000000 3821.000000 400.000000 3627.000000 201.000000 3483.000000 72.000000 3234.000000 10.000000 
		}
	}
	outgoing={
		name="the_moluccas"
		path={
			1360 1358 
		}
		control={
			4483.000000 635.000000 4533.000000 590.000000 4665.160156 541.070007 
		}
	}
	members={
		593 594 595 596 597 598 599 617 618 619 620 621 622 623 636 637 638 639 640 659 1361 2390 2391 2392 2393 2394 2673 2674 2675 2676 2677 2678 2679 2680 2681 2682 2683 2684 2685 2686 2703 2704 2705 2706 2707 2708 2709 2710 2711 2712 2740 4799 4800 4801 4802 4803 4804 4805 4806 4809 4810 4811 4812 4813 4814 4815 4816 4817 4818 
	}
}
ganges_delta={
	location=1343
	color={
		94 110 162 
	}
	outgoing={
		name="comorin_cape"
		path={
			1342 1341 1340 
		}
		control={
			4126.000000 928.000000 4037.000000 783.500000 
		}
	}
	outgoing={
		name="doab"
		path={
			1343 564 563 2044 558 2095 556 2063 
		}
		control={
			4184.000000 1014.000000 4186.000000 1026.000000 4182.000000 1038.000000 4187.000000 1046.000000 4178.000000 1059.000000 4162.000000 1064.000000 4151.000000 1062.000000 4130.000000 1065.000000 4106.000000 1059.000000 4076.000000 1067.000000 4056.000000 1086.000000 
		}
	}
	members={
		1343 553 2082 4447 4451 4452 547 2048 4445 4446 4448 561 2081 4476 4477 564 2039 4474 4475 4478 552 2038 2043 2049 4441 560 2096 4450 4470 4471 562 2045 2046 4486 563 2044 4479 568 579 2402 558 4469 4472 4489 2047 4484 4487 4488 
	}
}
doab={
	location=524
	color={
		236 162 19 
	}
	inland=yes
	outgoing={
		name="deccan"
		path={
			525 740 2057 
		}
		control={
			4014.000000 1082.000000 4030.000000 1062.000000 4018.000000 1024.000000 3998.000000 1002.000000 3987.000000 966.000000 
		}
	}
	outgoing={
		name="lahore"
		path={
			522 2062 4411 
		}
		control={
			4021.000000 1115.000000 4009.000000 1144.000000 3981.000000 1151.000000 
		}
	}
	members={
		522 2060 2062 2061 4498 4499 519 520 2064 4500 523 2094 4494 4495 4497 555 2055 2095 4490 524 556 2063 4496 525 528 740 4464 4465 559 2059 4459 4466 4467 2097 2098 4468 4491 4492 554 509 511 2069 4493 
	}
}
lahore={
	location=507
	color={
		63 150 30 
	}
	inland=yes
	outgoing={
		name="samarkand"
		path={
			578 451 450 453 454 
		}
		control={
			3924.000000 1220.000000 3877.000000 1222.000000 3866.000000 1243.000000 3831.000000 1274.000000 
		}
	}
	outgoing={
		name="persia"
		path={
			578 451 450 446 2221 2235 2214 
		}
		control={
			3920.000000 1210.000000 3866.000000 1216.000000 3841.000000 1244.000000 3776.000000 1217.000000 3757.000000 1247.000000 3691.000000 1246.000000 3668.000000 1269.000000 
		}
	}
	outgoing={
		name="gujarat"
		path={
			506 2072 
		}
		control={
			3921.000000 1136.000000 3872.000000 1087.000000 3879.000000 1059.000000 
		}
	}
	members={
		1785 1787 2200 508 2073 2074 4449 4521 507 2075 2076 4510 4513 506 2079 2086 4508 4509 2077 2078 4511 510 2065 4411 4463 576 577 2068 448 451 452 578 2226 447 449 2225 450 2227 2228 
	}
}
deccan={
	location=1948
	color={
		241 13 61 
	}
	inland=yes
	outgoing={
		name="gujarat"
		path={
			4433 517 1337 
		}
		control={
			3964.000000 943.000000 3919.000000 945.000000 
		}
	}
	outgoing={
		name="comorin_cape"
		path={
			541 4422 4414 2026 
		}
		control={
			4009.000000 916.000000 4000.000000 889.000000 4009.000000 873.000000 4019.000000 855.000000 4024.000000 827.000000 4035.000000 814.000000 4006.000000 783.000000 
		}
	}
	members={
		526 2056 2057 2093 4461 550 551 2092 4458 4460 532 2033 4428 2028 4438 4444 542 2037 4436 4439 527 4434 4453 569 1948 2035 4435 546 548 2050 4442 4443 1946 2034 4431 544 545 4432 4433 4437 
	}
}
comorin_cape={
	location=1340
	color={
		13 255 179 
	}
	outgoing={
		name="gulf_of_aden"
		path={
			1615 1451 1331 
		}
		control={
			3866.000000 794.500000 3715.000000 850.000000 
		}
	}
	outgoing={
		name="gujarat"
		path={
			1339 2030 1337 
		}
		control={
			3952.000000 822.000000 3895.000000 915.000000 
		}
	}
	outgoing={
		name="cape_of_good_hope"
		path={
			1619 1621 1636 1626 1459 
		}
		control={
			3966.000000 646.000000 3900.000000 556.000000 3712.000000 299.000000 3414.000000 88.000000 3217.000000 36.000000 
		}
	}
	members={
		1340 2083 4418 4419 4420 539 540 1947 2027 4417 536 2101 4412 2100 4408 4409 572 2099 4407 574 1101 1248 1998 1999 538 2085 4414 2026 4415 4416 533 2031 4421 4422 4426 541 1949 2090 4423 4424 534 535 537 4410 4413 531 2029 2030 2032 4427 543 549 2084 2080 4425 
	}
}
gujarat={
	location=504
	color={
		135 104 85 
	}
	outgoing={
		name="gulf_of_aden"
		path={
			1336 1333 1332 1331 
		}
		control={
			3809.000000 1011.000000 3760.000000 967.000000 3677.000000 901.000000 
		}
	}
	outgoing={
		name="hormuz"
		path={
			1336 1334 
		}
		control={
			3799.000000 1035.000000 
		}
	}
	outgoing={
		name="zanzibar"
		path={
			1336 1452 1451 1453 1447 
		}
		control={
			3839.000000 977.000000 3819.000000 933.000000 3700.000000 780.000000 3699.000000 669.000000 
		}
	}
	members={
		518 2058 2087 4501 4462 512 4502 4507 2066 513 514 2067 4506 504 2088 4503 4504 505 2072 4505 529 530 2089 4429 515 521 2052 4454 4455 517 2036 4430 503 2053 4456 4480 516 2051 2054 4512 4457 
	}
}
katsina={
	location=1149
	color={
		215 56 56 
	}
	inland=yes
	outgoing={
		name="timbuktu"
		path={
			1148 2273 2269 1133 2262 1132 
		}
		control={
			2899.000000 875.000000 2892.000000 894.000000 2852.000000 890.000000 2806.000000 912.000000 2790.000000 927.000000 
		}
	}
	outgoing={
		name="tunis"
		path={
			352 341 
		}
		control={
			2931.000000 880.000000 2998.000000 950.000000 3016.000000 1000.000000 3023.000000 1066.000000 2982.000000 1185.000000 2955.000000 1206.000000 
		}
	}
	outgoing={
		name="ethiopia"
		path={
			2800 2772 
		}
		control={
			3011.000000 843.000000 3129.000000 858.000000 3245.860107 862.010010 3315.000000 898.000000 3333.000000 880.000000 3331.300049 866.299988 3355.000000 858.000000 
		}
	}
	members={
		1144 1146 1162 1145 1152 1153 1150 1154 1155 1156 1157 1158 1160 1161 1249 1149 1148 2273 2272 2274 2275 2276 2277 2278 2279 2280 2281 2282 2283 2284 2285 2286 2287 2288 2293 2475 1159 
	}
}
ethiopia={
	location=2772
	color={
		57 92 82 
	}
	inland=yes
	outgoing={
		name="alexandria"
		path={
			1232 2321 361 358 
		}
		control={
			3350.000000 1051.000000 
		}
	}
	outgoing={
		name="gulf_of_aden"
		path={
			1213 1211 1212 4346 
		}
		control={
			3454.000000 793.000000 3486.000000 822.000000 3567.000000 840.000000 
		}
	}
	members={
		774 1217 1218 1222 1228 2756 2757 2758 2759 2760 2761 2762 2763 2772 2791 2778 2785 2797 2766 2767 2769 2770 2771 2779 2780 2781 1224 1213 1223 1214 1216 1221 2800 2801 2802 1229 1225 1226 1227 1220 1207 1208 1210 2798 2799 1219 2776 2932 4033 4158 2777 4051 4052 
	}
}
gulf_of_aden={
	location=4346
	color={
		206 28 85 
	}
	outgoing={
		name="zanzibar"
		path={
			1446 1447 1448 
		}
		control={
			3619.000000 810.000000 3602.000000 764.000000 3521.500000 652.000000 
		}
	}
	outgoing={
		name="alexandria"
		path={
			1330 1329 1328 361 358 
		}
		control={
			3519.000000 841.000000 3465.000000 874.500000 3370.000000 1051.000000 3329.000000 1110.000000 3317.000000 1130.000000 3304.000000 1146.000000 3284.000000 1143.000000 
		}
	}
	outgoing={
		name="hormuz"
		path={
			1332 1333 1334 
		}
		control={
			3663.000000 915.000000 3763.000000 1013.000000 
		}
	}
	members={
		2324 2775 2782 2783 2786 2788 2789 2790 2793 2794 2795 2024 1205 1206 1209 1212 1215 1230 2765 2773 2792 2784 1211 2764 2787 1232 1331 1779 2768 401 2341 2342 402 1099 4284 387 2346 4279 390 2344 4281 388 2345 4280 386 391 4282 389 2343 4283 1328 1329 1330 4333 4346 
	}
}
hormuz={
	location=1334
	color={
		223 53 58 
	}
	outgoing={
		name="basra"
		path={
			2219 1335 
		}
		control={
			3687.000000 1082.000000 3650.000000 1073.000000 
		}
	}
	members={
		397 398 404 2333 432 2220 2234 4345 434 575 2231 2232 2233 430 2219 2223 4332 2218 4329 4330 4331 403 4285 4287 399 400 4286 431 2999 4327 1332 1334 4347 
	}
}
zanzibar={
	location=1448
	color={
		130 17 17 
	}
	outgoing={
		name="cape_of_good_hope"
		path={
			1449 1456 1457 1458 1459 1460 
		}
		control={
			3492.000000 449.000000 3452.000000 374.500000 3388.000000 270.000000 3347.500000 175.000000 3233.000000 73.500000 
		}
	}
	members={
		1448 788 1100 1102 1103 1183 1186 1192 1193 1194 1195 1196 1197 1198 1199 1200 1201 1202 1203 1204 1792 2796 2774 4020 4021 4022 4023 4024 4025 4026 4027 4028 4029 4030 4031 4032 4049 
	}
}
cape_of_good_hope={
	location=1460
	color={
		44 218 125 
	}
	outgoing={
		name="ivory_coast"
		path={
			1461 1462 1463 1464 1465 1466 
		}
		control={
			3032.500000 172.000000 2973.000000 355.000000 2999.000000 503.500000 2933.000000 610.000000 2916.500000 697.500000 
		}
	}
	outgoing={
		name="the_moluccas"
		path={
			1461 
		}
		control={
			3196.000000 8.000000 3467.000000 18.000000 3806.000000 80.000000 4427.000000 258.000000 4619.000000 328.000000 4699.149902 456.179993 4734.000000 502.000000 4762.000000 520.000000 
		}
	}
	outgoing={
		name="th_trade_node_moon"
		path={
			1603 1604 1605 1592 1589 1536 2848 2846 2844 2843 792 1542 1704 1710 1713 1741 1740 1715 1699 1714 1442 7236 7215 6918 6969 6966 6964 6962 6760 6785 6784 6799 6801 6756 6842 5320 
		}
		control={
			2979.000000 61.000000 2645.000000 155.000000 2466.000000 164.000000 1965.000000 142.000000 1718.000000 12.000000 1406.000000 199.000000 1248.000000 273.000000 1153.000000 331.000000 952.000000 456.000000 825.000000 623.000000 489.000000 990.000000 7039.149902 1483.810059 6968.770020 1572.979980 6938.333984 1590.260986 6882.129883 1609.949951 6864.354980 1612.203979 6871.838867 1650.878052 6861.767090 1672.454956 6839.879883 1693.755005 6817.969238 1692.738037 
		}
	}
	outgoing={
		name="th_trade_node_space"
		path={
			1459 1626 1629 1636 1637 1638 1640 1418 2726 1790 4847 1410 2722 1789 1405 1676 5055 6559 6558 6560 6697 6606 6608 6614 6629 6630 5010 6619 5285 5342 5198 5197 5914 4964 5910 5908 4970 5344 5027 5347 5974 5180 5960 7101 5998 5301 
		}
		control={
			3233.000000 73.500000 3439.000000 82.000000 3605.000000 104.000000 3803.000000 156.000000 3993.000000 146.000000 4215.000000 158.000000 4394.000000 209.000000 4669.000000 392.000000 4706.000000 480.000000 4810.000000 623.000000 4828.000000 664.000000 4836.000000 858.000000 4907.000000 1119.000000 5047.000000 1249.000000 5139.000000 1384.000000 5227.000000 1493.000000 5421.000000 1631.000000 5516.000000 1753.000000 5649.000000 1732.000000 
		}
	}
	members={
		1460 789 833 1175 1176 1177 1178 1179 1180 1181 1182 1173 1800 2856 2864 2880 4781 4782 4783 4784 
	}
}
the_moluccas={
	location=1357
	color={
		84 12 93 
	}
	outgoing={
		name="australia"
		path={
			1357 1401 1409 1410 1407 1411 
		}
		control={
			4775.000000 547.000000 4869.000000 548.000000 4921.000000 488.000000 5041.000000 474.000000 5165.520020 335.940002 
		}
	}
	outgoing={
		name="th_trade_node_lone_coast"
		path={
			4945 1675 
		}
		control={
			4786.000000 675.000000 4854.000000 749.000000 5013.000000 732.000000 5154.000000 822.000000 5184.000000 922.000000 5201.000000 932.000000 
		}
	}
	members={
		646 2687 2688 2689 2690 2718 2724 1357 1245 647 645 2717 648 649 650 2725 2696 2695 635 633 634 643 2713 2714 642 2715 641 2716 632 627 2691 631 2693 629 2692 628 626 625 630 624 644 2723 2722 2721 1237 2720 2719 1789 4790 4791 4792 4793 4794 4795 4796 4797 4798 4845 
	}
}
australia={
	location=1411
	color={
		212 51 209 
	}
	outgoing={
		name="polynesia_node"
		path={
			1427 1431 1733 1732 1735 
		}
		control={
			5322.000000 352.000000 5509.000000 256.000000 17.000000 285.000000 
		}
	}
	members={
		1085 1086 1087 1088 1089 1090 1091 1092 1093 1790 1791 1094 1084 1412 2726 2727 2728 2729 2730 2731 2732 2733 2734 2735 2736 1411 4846 4847 4848 4849 4850 4851 4852 4853 4854 4855 4856 4857 4858 4859 4860 4861 4862 4863 4864 4865 4866 4867 4868 4869 
	}
}
basra={
	location=1335
	color={
		158 64 130 
	}
	outgoing={
		name="aleppo"
		path={
			408 409 406 382 377 
		}
		control={
			3542.000000 1156.000000 3501.000000 1170.000000 3487.000000 1204.000000 3448.000000 1222.000000 3423.000000 1245.000000 
		}
	}
	outgoing={
		name="persia"
		path={
			412 413 428 426 
		}
		control={
			3564.000000 1167.000000 3561.000000 1228.000000 3591.000000 1234.000000 
		}
	}
	members={
		1335 412 2217 4289 4290 4342 394 395 396 2340 2347 393 2338 4272 392 2337 4273 4274 2335 2336 2339 4275 408 2311 2312 4288 406 409 410 2310 4291 413 414 2209 2210 415 2211 4293 4294 2334 4276 
	}
}
samarkand={
	location=454
	color={
		92 194 221 
	}
	inland=yes
	outgoing={
		name="persia"
		path={
			442 441 438 437 427 426 
		}
		control={
			3820.000000 1295.000000 3781.000000 1294.000000 3744.000000 1293.000000 3696.000000 1301.000000 3672.000000 1286.000000 3649.000000 1263.000000 
		}
	}
	outgoing={
		name="astrakhan"
		path={
			442 440 443 470 465 464 
		}
		control={
			3824.000000 1312.000000 3774.000000 1329.000000 3728.000000 1356.000000 3682.000000 1386.000000 3657.000000 1444.000000 3610.000000 1470.000000 
		}
	}
	members={
		440 441 442 444 445 453 454 455 456 457 459 476 477 1967 1969 1970 1973 461 478 2126 2370 2362 2363 2356 2364 2368 2355 2360 2361 2358 2352 2351 2353 2359 458 2125 460 2350 437 438 439 443 2349 739 2124 2127 4209 4210 1968 4344 4343 4685 
	}
}
persia={
	location=4341
	color={
		204 119 31 
	}
	inland=yes
	outgoing={
		name="aleppo"
		path={
			1326 421 2202 2205 418 407 377 
		}
		control={
			3581.000000 1304.000000 3568.000000 1326.000000 3536.000000 1309.000000 3507.000000 1304.000000 3463.000000 1307.000000 3445.000000 1263.000000 
		}
	}
	outgoing={
		name="astrakhan"
		path={
			1326 421 425 2199 2208 
		}
		control={
			3595.000000 1300.000000 3578.000000 1332.000000 3548.000000 1380.000000 3535.000000 1410.000000 
		}
	}
	members={
		435 2224 2229 2230 436 4334 4336 446 4324 4325 2221 2235 2236 4326 417 426 2214 4339 4341 427 428 2213 2216 4337 429 433 2222 4335 4171 419 420 2202 2205 4302 421 424 4299 4305 4340 416 2206 2207 4304 2212 2215 4300 4338 4177 4170 4172 4179 
	}
}
aleppo={
	location=377
	color={
		202 150 172 
	}
	outgoing={
		name="constantinople"
		path={
			1317 1848 322 317 1320 
		}
		control={
			3308.000000 1243.000000 3264.000000 1243.000000 3239.500000 1253.500000 3205.500000 1316.500000 
		}
	}
	outgoing={
		name="alexandria"
		path={
			1316 1315 358 
		}
		control={
			3353.000000 1241.000000 3335.000000 1200.000000 3284.000000 1180.000000 
		}
	}
	members={
		418 2306 2307 4295 4296 377 1849 2313 4298 378 382 1855 4297 407 411 2309 2314 4292 332 2303 2308 4310 405 4270 4271 321 327 2302 323 324 2301 4307 
	}
}
alexandria={
	location=358
	color={
		200 200 102 
	}
	outgoing={
		name="constantinople"
		path={
			362 363 1316 1932 318 317 1320 
		}
		control={
			3272.000000 1172.000000 3275.000000 1197.000000 3266.000000 1216.000000 3236.000000 1243.000000 3203.000000 1286.000000 3203.000000 1315.000000 3216.000000 1325.000000 3227.000000 1333.000000 
		}
	}
	outgoing={
		name="venice"
		path={
			1315 1318 145 1773 144 143 1310 1309 1308 
		}
		control={
			3253.000000 1183.000000 3216.000000 1220.000000 3160.000000 1229.000000 3130.000000 1251.000000 3108.000000 1291.000000 3100.000000 1332.000000 3080.500000 1356.000000 3031.000000 1383.000000 
		}
	}
	outgoing={
		name="genua"
		path={
			357 1314 1313 1306 1302 1303 1298 1297 
		}
		control={
			3239.500000 1153.500000 3180.000000 1204.000000 3093.000000 1203.000000 3017.500000 1244.500000 2977.000000 1288.000000 2967.000000 1347.000000 2935.000000 1348.000000 
		}
	}
	members={
		1234 2322 2323 364 379 1854 384 2329 2330 383 2328 4268 4269 385 2331 2332 4277 4278 380 381 2327 365 2315 2320 2321 1233 2318 4323 358 362 363 361 2316 4316 4317 359 2317 4318 360 1231 2319 4319 4320 356 357 2325 2326 4321 4322 
	}
}
astrakhan={
	location=464
	color={
		43 49 211 
	}
	inland=yes
	outgoing={
		name="kazan"
		path={
			466 303 1081 1082 
		}
		control={
			3509.000000 1488.000000 3516.000000 1547.000000 3559.000000 1606.000000 
		}
	}
	outgoing={
		name="crimea"
		path={
			468 287 1323 
		}
		control={
			3486.000000 1439.000000 3417.000000 1425.000000 3342.000000 1405.000000 
		}
	}
	members={
		288 303 465 467 469 470 474 1971 2365 2367 2366 2409 2418 2419 472 471 464 466 468 2416 2417 302 304 2415 425 2198 2199 2208 4306 
	}
}
crimea={
	location=1322
	color={
		59 158 125 
	}
	outgoing={
		name="kiev"
		path={
			284 282 281 280 
		}
		control={
			3307.169922 1429.410034 3297.000000 1470.000000 3290.000000 1506.000000 
		}
	}
	outgoing={
		name="constantinople"
		path={
			1322 1321 1320 
		}
		control={
			3314.000000 1403.000000 3279.000000 1379.500000 
		}
	}
	outgoing={
		name="pest"
		path={
			4706 2998 4531 160 2746 156 1954 155 
		}
		control={
			3268.000000 1423.000000 3248.000000 1426.000000 3241.000000 1408.000000 3226.000000 1404.000000 3208.000000 1394.000000 3174.000000 1397.000000 3157.000000 1408.000000 3163.000000 1414.000000 3156.000000 1419.000000 3132.000000 1417.000000 3125.000000 1426.000000 3121.000000 1444.000000 3124.000000 1449.000000 3119.000000 1458.000000 
		}
	}
	members={
		1323 1322 462 1856 463 2201 2195 2197 282 1974 2406 286 287 2413 2414 284 285 2410 2447 283 2411 2412 330 331 2305 422 268 1756 2405 423 2203 4301 2196 2204 4303 4529 4530 
	}
}
constantinople={
	location=1320
	color={
		126 203 120 
	}
	outgoing={
		name="ragusa"
		path={
			149 1765 1766 138 137 
		}
		control={
			3211.000000 1343.500000 3173.000000 1364.000000 3142.000000 1365.000000 3115.000000 1361.000000 
		}
	}
	members={
		1320 149 151 1764 325 328 2299 2304 150 159 1765 2746 2750 329 1846 2300 4314 4315 316 317 2296 322 1848 4308 4311 318 319 2297 2298 4309 326 4312 4313 164 320 1319 2348 3003 4700 4703 4704 4705 4706 4779 
	}
}
kiev={
	location=280
	color={
		59 52 221 
	}
	inland=yes
	outgoing={
		name="novgorod"
		path={
			278 292 275 311 310 
		}
		control={
			3260.000000 1570.000000 3296.500000 1603.000000 3290.500000 1651.000000 3300.000000 1680.000000 
		}
	}
	outgoing={
		name="krakow"
		path={
			279 260 262 
		}
		control={
			3221.000000 1531.000000 3171.000000 1539.000000 
		}
	}
	members={
		272 279 281 770 1937 1943 2962 277 278 1941 291 298 299 2408 293 297 4244 4245 296 300 4116 280 1942 1944 4247 289 290 1945 2407 292 771 4246 276 4115 4242 4538 4537 4536 4535 4545 4544 4540 4539 4542 4543 269 
	}
}
kazan={
	location=1082
	color={
		73 14 237 
	}
	inland=yes
	outgoing={
		name="novgorod"
		path={
			306 307 308 312 310 
		}
		control={
			3474.000000 1641.000000 3427.000000 1649.000000 3396.000000 1686.000000 3370.000000 1720.000000 
		}
	}
	members={
		306 1079 1083 1957 2421 4265 4267 475 1965 1966 2420 2444 473 1081 2423 1082 2422 4264 305 1962 1972 4266 
	}
}
novgorod={
	location=33
	color={
		97 126 37 
	}
	outgoing={
		name="baltic_sea"
		path={
			34 36 1926 
		}
		control={
			3262.000000 1736.000000 3194.000000 1730.000000 3156.000000 1720.000000 
		}
	}
	outgoing={
		name="white_sea"
		path={
			1261 309 1652 
		}
		control={
			3372.500000 1863.000000 
		}
	}
	members={
		30 32 309 4124 33 34 1961 274 275 1960 4148 310 311 1959 2749 4260 294 1752 4243 4248 4249 301 1778 4255 295 4251 4252 307 4147 4253 308 1753 4117 4250 1754 1956 4254 312 4259 4261 
	}
}
laplata={
	location=1536
	color={
		211 52 135 
	}
	outgoing={
		name="brazil"
		path={
			1535 1534 1533 1532 1531 
		}
		control={
			2001.000000 329.000000 2074.000000 414.000000 2144.000000 481.000000 2213.000000 579.000000 
		}
	}
	members={
		772 773 777 778 779 790 1536 1095 2025 2843 2844 2845 2846 2847 2848 2849 2850 2851 2852 2853 2854 2855 2857 2858 2859 2860 2861 2865 2866 2877 2878 2879 2884 2887 
	}
}
brazil={
	location=1531
	color={
		230 126 129 
	}
	outgoing={
		name="ivory_coast"
		path={
			1596 1597 1586 1585 1466 
		}
		control={
			2351.000000 622.000000 2527.139893 592.140015 2662.000000 566.000000 2771.000000 624.000000 
		}
	}
	members={
		1531 750 751 753 754 755 756 757 758 759 760 761 762 763 764 765 766 768 769 2881 2885 2891 2892 2893 2894 2895 2896 2897 2898 2899 2906 2907 2908 2912 2913 2914 2915 2916 2917 2918 2919 2920 2921 2922 
	}
}
timbuktu={
	location=1132
	color={
		181 91 180 
	}
	inland=yes
	outgoing={
		name="safi"
		path={
			1127 346 344 345 
		}
		control={
			2757.000000 962.000000 2731.000000 1075.000000 2706.000000 1124.000000 2672.000000 1130.000000 
		}
	}
	outgoing={
		name="ivory_coast"
		path={
			2263 1135 2252 2255 2257 1466 
		}
		control={
			2764.000000 887.000000 2769.000000 881.000000 2755.000000 822.000000 2755.000000 770.000000 2773.000000 750.000000 
		}
	}
	members={
		1115 2237 2240 1122 1125 2251 1135 1137 2265 2266 1136 2256 2267 2252 2253 2254 2255 1138 2247 1120 1121 1124 1123 1131 1132 1134 1133 1142 2243 2244 2245 2246 2248 2249 2250 2259 2260 2261 2262 2263 2264 2268 2269 2270 1127 1128 1129 1130 2271 1140 1143 2291 2292 2295 
	}
}
ivory_coast={
	location=1466
	color={
		207 221 70 
	}
	outgoing={
		name="carribean_trade"
		path={
			1467 1468 1579 1577 1576 1522 1520 1519 1517 1516 
		}
		control={
			2696.000000 657.000000 2421.000000 754.000000 2136.000000 862.000000 1995.000000 958.000000 1905.000000 997.000000 1856.000000 1044.000000 1742.829956 1077.969971 1659.000000 1115.000000 
		}
	}
	outgoing={
		name="bordeaux"
		path={
			1467 1468 1470 1471 1566 1563 
		}
		control={
			2693.000000 675.000000 2498.000000 819.000000 2482.000000 1053.000000 2488.000000 1226.000000 2589.000000 1369.000000 
		}
	}
	outgoing={
		name="english_channel"
		path={
			1467 1468 1470 1471 1566 1563 
		}
		control={
			2698.000000 664.000000 2487.000000 781.000000 2447.000000 1068.000000 2433.000000 1258.000000 2599.000000 1456.000000 2758.000000 1507.000000 2845.000000 1549.000000 
		}
	}
	outgoing={
		name="sevilla"
		path={
			1467 1468 1470 1471 1566 1563 
		}
		control={
			2702.000000 692.000000 2568.000000 783.000000 2516.000000 940.000000 2548.000000 1064.000000 2617.000000 1127.000000 2641.000000 1223.000000 
		}
	}
	outgoing={
		name="panama"
		path={
			1467 
		}
		control={
			2695.000000 642.000000 2421.000000 754.000000 2136.000000 862.000000 1995.000000 958.000000 1905.000000 997.000000 1856.000000 1044.000000 1731.000000 1076.000000 1653.000000 1071.000000 
		}
	}
	members={
		1164 1165 1166 1096 1793 2241 1466 1097 1098 1118 1119 1151 1163 2242 1168 1306 4078 4079 4080 1126 1139 1141 2257 2258 1147 2289 2290 2294 1111 1112 1113 1116 2239 1114 1117 2238 1167 1171 1172 1174 
	}
}
tunis={
	location=341
	color={
		146 134 57 
	}
	outgoing={
		name="sevilla"
		path={
			340 339 1301 1294 1293 
		}
		control={
			2927.000000 1239.000000 2892.000000 1249.000000 2856.000000 1284.500000 2777.000000 1247.500000 
		}
	}
	outgoing={
		name="valencia"
		path={
			2455 1302 1301 1295 
		}
		control={
			2941.000000 1280.000000 2912.000000 1295.000000 2882.000000 1304.000000 2873.000000 1308.000000 2848.000000 1290.000000 2840.000000 1292.000000 2838.000000 1311.000000 2827.000000 1322.000000 
		}
	}
	outgoing={
		name="genua"
		path={
			1302 1300 1297 
		}
		control={
			2960.000000 1286.000000 2914.500000 1317.500000 
		}
	}
	members={
		355 339 340 341 350 351 352 353 354 1882 2448 2449 2450 2451 2452 2453 2454 2455 2456 2457 2458 2472 2473 2474 2954 4566 4567 
	}
}
ragusa={
	location=137
	color={
		130 219 156 
	}
	outgoing={
		name="pest"
		path={
			1831 3002 4755 4173 4126 
		}
		control={
			3105.000000 1405.000000 3106.000000 1427.000000 3101.000000 1441.000000 
		}
	}
	outgoing={
		name="venice"
		path={
			136 1308 
		}
		control={
			3065.000000 1381.000000 
		}
	}
	outgoing={
		name="genua"
		path={
			1310 1311 1307 1304 1303 1298 1297 
		}
		control={
			3101.000000 1349.000000 3096.500000 1299.000000 3055.000000 1269.000000 3041.500000 1303.000000 2984.000000 1338.000000 
		}
	}
	members={
		137 138 139 140 141 142 143 144 147 1766 1827 1831 1853 3000 3002 3001 4174 4175 4176 131 148 1828 136 1826 4239 145 146 163 1773 4702 4699 4698 4701 4750 4752 4753 4754 4755 4757 4780 
	}
}
safi={
	location=1110
	color={
		191 110 62 
	}
	outgoing={
		name="sevilla"
		path={
			342 1293 
		}
		control={
			2655.000000 1168.000000 2667.000000 1183.000000 2698.000000 1198.000000 2709.000000 1228.000000 
		}
	}
	members={
		344 345 346 347 348 1110 2460 2464 2466 2467 2468 2469 2470 342 343 349 2459 2462 2463 336 337 338 2461 2465 4564 4562 4568 
	}
}
pest={
	location=153
	color={
		172 95 81 
	}
	inland=yes
	outgoing={
		name="wien"
		path={
			4240 135 
		}
		control={
			3092.000000 1474.000000 
		}
	}
	outgoing={
		name="krakow"
		path={
			1318 2960 
		}
		control={
			3116.000000 1492.000000 3122.000000 1501.000000 3123.000000 1510.000000 
		}
	}
	members={
		135 153 1864 4126 4240 155 1953 1954 4125 154 162 1318 1772 4236 157 158 1952 4127 156 1951 4128 152 1767 4173 4756 160 161 2998 4531 4532 
	}
}
krakow={
	location=262
	color={
		207 47 71 
	}
	inland=yes
	outgoing={
		name="wien"
		path={
			263 4726 265 1770 
		}
		control={
			3106.000000 1520.000000 3084.000000 1516.000000 3077.000000 1508.000000 3070.000000 1500.000000 3061.000000 1494.000000 
		}
	}
	outgoing={
		name="saxony"
		path={
			263 264 1763 
		}
		control={
			3083.000000 1532.000000 3069.000000 1548.000000 3034.000000 1562.000000 
		}
	}
	outgoing={
		name="baltic_sea"
		path={
			258 255 1859 43 1927 1926 
		}
		control={
			3097.000000 1544.000000 3089.000000 1554.000000 3095.000000 1580.000000 3096.000000 1605.000000 3118.000000 1637.000000 
		}
	}
	members={
		258 259 260 261 262 263 264 1940 256 257 1938 1939 254 255 2424 2959 2960 2961 2966 4238 2963 1859 4523 4524 4526 4528 4525 4527 4533 4541 4723 
	}
}
wien={
	location=134
	color={
		220 220 220 
	}
	inland=yes
	outgoing={
		name="venice"
		path={
			132 128 1769 1308 4738 
		}
		control={
			3026.000000 1470.000000 3028.000000 1456.000000 3021.000000 1442.000000 
		}
	}
	outgoing={
		name="rheinland"
		path={
			133 64 1757 67 66 79 1876 
		}
		control={
			3033.000000 1484.000000 3006.000000 1499.000000 2992.000000 1505.000000 2984.000000 1509.000000 2978.000000 1514.000000 2960.000000 1513.000000 2947.000000 1514.000000 
		}
	}
	outgoing={
		name="saxony"
		path={
			1770 267 266 1771 61 59 
		}
		control={
			3031.000000 1503.000000 3030.000000 1518.000000 3027.000000 1534.000000 
		}
	}
	members={
		64 65 76 128 132 133 134 1757 1770 1863 2955 2956 2957 68 1868 70 1872 73 110 1768 4707 4708 4709 4710 4711 4712 4713 4758 4759 4760 4761 4762 265 4237 4726 
	}
}
saxony={
	location=61
	color={
		36 182 69 
	}
	inland=yes
	outgoing={
		name="rheinland"
		path={
			62 63 81 1876 
		}
		control={
			2998.000000 1544.000000 2970.000000 1532.000000 2956.500000 1530.000000 
		}
	}
	outgoing={
		name="lubeck"
		path={
			58 52 51 46 45 
		}
		control={
			2990.000000 1555.000000 2991.000000 1578.000000 
		}
	}
	members={
		49 50 57 62 63 1758 51 60 61 267 1759 1763 1771 52 58 59 2964 2965 2967 2971 2969 266 2968 2970 2993 4724 4725 4741 4742 4743 4744 4747 4748 4773 4778 
	}
}
baltic_sea={
	location=1926
	color={
		8 82 165 
	}
	outgoing={
		name="lubeck"
		path={
			1255 1257 45 
		}
		control={
			3089.000000 1696.000000 3072.000000 1648.000000 3044.000000 1636.000000 3015.000000 1620.000000 2984.000000 1605.000000 
		}
	}
	members={
		1926 1 2 3 4 5 1985 8 9 11 18 19 25 27 28 29 31 35 37 38 39 40 271 273 1930 1935 1936 41 42 43 1841 767 2958 2997 4113 4114 4123 4152 4166 270 36 1834 1842 4241 4534 
	}
}
rheinland={
	location=1876
	color={
		114 171 184 
	}
	inland=yes
	outgoing={
		name="champagne"
		path={
			83 1760 80 188 187 186 
		}
		control={
			2928.000000 1531.000000 2912.000000 1541.000000 2902.500000 1543.500000 2881.500000 1535.500000 
		}
	}
	outgoing={
		name="lubeck"
		path={
			1762 57 53 1857 45 
		}
		control={
			2954.000000 1549.000000 2966.000000 1562.000000 2962.000000 1579.000000 2972.000000 1591.500000 
		}
	}
	members={
		56 72 74 75 77 78 79 80 81 82 83 84 85 86 1760 1761 1869 1870 1876 1878 1880 2973 2975 166 1873 2972 1762 66 67 4714 4718 4715 4716 4717 71 69 4722 4765 4767 4768 4774 4775 
	}
}
panama={
	location=835
	color={
		135 132 96 
	}
	outgoing={
		name="carribean_trade"
		path={
			1515 1517 1516 
		}
		control={
			1586.000000 1044.000000 1607.000000 1125.000000 
		}
	}
	outgoing={
		name="polynesia_node"
		path={
			835 1548 1547 1702 1708 1711 1741 1740 1736 
		}
		control={
			1568.000000 939.000000 1363.000000 840.000000 1030.000000 346.000000 693.000000 334.000000 543.000000 435.000000 356.000000 398.000000 228.000000 339.000000 124.000000 315.000000 78.000000 298.000000 
		}
	}
	outgoing={
		name="th_trade_node_space"
		path={
			2664 4595 1549 1550 1551 1552 1695 1694 1693 1699 1714 1442 7235 7234 7233 7232 7231 1439 7088 5808 4995 5807 5804 5003 5802 5830 5760 5778 5839 5162 5858 7099 7101 5998 5301 
		}
		control={
			1488.000000 932.000000 1206.000000 937.000000 694.000000 1100.000000 255.000000 1231.000000 7284.910156 1266.010010 6963.000000 1269.000000 6344.000000 1522.000000 6136.000000 1621.000000 5857.000000 1654.000000 
		}
	}
	members={
		840 2637 2640 2662 837 838 2660 2661 2663 826 835 836 2664 2819 828 2806 824 825 827 832 2817 2812 2814 2815 822 823 2816 2818 4605 4604 4607 4608 4603 4600 4601 4602 4599 4596 4595 4597 4592 4593 829 
	}
}
polynesia_node={
	location=1989
	color={
		220 138 57 
	}
	outgoing={
		name="th_trade_node_hell_furnace"
		path={
			1726 7224 7144 1435 1674 7095 7081 7092 7064 7060 7113 1734 1691 6568 5011 6558 5295 
		}
		control={
			7243.049805 238.389999 7174.390137 235.330002 6968.000000 238.000000 6733.000000 318.000000 6530.000000 432.000000 6424.000000 623.000000 6225.000000 772.000000 6037.000000 848.000000 5900.000000 784.000000 5692.000000 809.000000 5553.000000 751.000000 5433.000000 728.000000 5342.000000 783.000000 5361.000000 828.000000 
		}
	}
	outgoing={
		name="th_trade_node_hakurei"
		path={
			1726 7224 7094 4948 4946 7078 7076 7066 7075 7068 7065 5377 4956 
		}
		control={
			7177.109863 332.899994 7093.000000 426.000000 6947.000000 556.000000 6734.000000 666.000000 6431.000000 792.000000 6288.000000 881.000000 6203.000000 900.000000 6028.000000 887.000000 5939.649902 922.419983 
		}
	}
	outgoing={
		name="th_trade_node_deep_netherworld"
		path={
			1726 7257 7093 7154 7141 7076 7066 7268 5690 5693 5111 
		}
		control={
			7230.830078 263.720001 6949.000000 198.000000 6819.000000 372.000000 6603.000000 683.000000 6552.000000 797.000000 6560.000000 902.000000 6368.000000 966.000000 6312.622070 1023.708008 
		}
	}
	members={
		1107 2737 1108 2739 1106 1238 1242 1244 1989 1243 1990 1992 1240 1997 1235 1995 1996 1241 1991 1993 1994 1988 1986 1236 1987 1239 1109 1246 2738 4934 4935 4936 4937 4938 4939 
	}
}
carribean_trade={
	location=1516
	color={
		190 44 186 
	}
	outgoing={
		name="chesapeake_bay"
		path={
			1524 1503 1502 1501 1500 
		}
		control={
			1649.000000 1207.000000 1619.000000 1236.000000 1604.000000 1280.000000 1606.000000 1312.000000 1587.000000 1389.000000 1635.000000 1447.000000 
		}
	}
	outgoing={
		name="bordeaux"
		path={
			488 490 1526 1575 1583 1580 1567 1563 
		}
		control={
			1687.000000 1196.000000 1925.000000 1251.000000 2082.000000 1253.000000 2210.000000 1293.000000 2326.000000 1295.000000 2446.000000 1349.000000 
		}
	}
	outgoing={
		name="sevilla"
		path={
			488 490 1526 1575 1583 1580 1567 1563 
		}
		control={
			1684.000000 1121.000000 1844.000000 1108.000000 1899.000000 1143.000000 2019.000000 1171.000000 2253.000000 1245.000000 2391.000000 1282.000000 2456.000000 1325.000000 
		}
	}
	members={
		927 928 2534 926 2535 2536 484 485 2656 486 2654 2655 488 489 490 2658 2659 487 481 491 492 482 483 493 494 495 496 1881 497 498 499 500 501 830 2807 2813 741 831 2808 834 2805 2809 2810 2939 1516 4626 4625 4624 4622 4623 4619 4618 4620 4621 4616 4615 4612 4613 4609 4611 4614 4610 
	}
}
chesapeake_bay={
	location=1500
	color={
		193 26 14 
	}
	outgoing={
		name="st_lawrence"
		path={
			965 963 969 2012 986 1490 
		}
		control={
			1652.000000 1564.000000 1650.000000 1588.000000 1672.000000 1621.000000 1690.000000 1656.000000 1754.000000 1702.000000 
		}
	}
	outgoing={
		name="english_channel"
		path={
			1570 1572 1582 1568 1564 1563 
		}
		control={
			1738.000000 1507.000000 1853.000000 1376.000000 2056.000000 1373.000000 2207.000000 1463.000000 2628.000000 1499.000000 2743.000000 1513.000000 2823.000000 1532.000000 
		}
	}
	members={
		1500 930 931 2537 2538 929 2539 2540 932 933 2541 2542 2543 937 2544 2545 938 2546 2547 2527 935 936 2548 949 2011 2552 950 952 2549 2550 953 2553 2554 956 957 962 2023 965 2558 2639 967 2010 2560 966 968 2561 970 2562 2564 4874 4877 4878 4879 4880 4881 4882 
	}
}
st_lawrence={
	location=1490
	color={
		193 192 14 
	}
	outgoing={
		name="north_sea"
		path={
			1493 1496 1497 1498 1478 1476 1282 1975 
		}
		control={
			1871.000000 1706.000000 1915.000000 1764.000000 1955.000000 1781.000000 2050.000000 1772.000000 2577.000000 1737.000000 2696.139893 1734.630005 2763.000000 1737.000000 2781.000000 1703.000000 
		}
	}
	outgoing={
		name="bordeaux"
		path={
			1491 1494 1495 1565 1564 1479 1563 
		}
		control={
			1835.000000 1678.000000 1875.000000 1681.000000 1923.000000 1630.000000 2041.000000 1632.000000 2178.000000 1627.000000 2364.000000 1615.000000 2525.000000 1581.000000 
		}
	}
	members={
		996 2576 2577 2578 986 994 995 2582 2583 990 993 2584 2012 971 2013 2565 2566 2567 985 2570 2571 2572 980 981 2573 997 2574 2575 992 2579 2580 2581 2563 982 983 984 2568 2569 1104 1105 1490 1804 969 4871 4873 4890 4891 4892 4893 4894 4895 4896 4897 
	}
}
white_sea={
	location=1652
	color={
		210 46 28 
	}
	outgoing={
		name="north_sea"
		path={
			1263 1264 1265 1929 1266 1975 
		}
		control={
			3453.000000 1897.000000 3447.000000 1948.000000 3339.000000 1992.000000 3187.000000 2034.000000 3076.000000 1993.000000 2987.000000 1944.000000 2942.000000 1864.000000 2862.000000 1790.000000 2868.000000 1711.000000 2847.000000 1660.000000 
		}
	}
	members={
		1652 315 1777 1963 2425 2426 4151 1077 1755 1964 4129 1955 4122 4256 4257 313 1776 1958 4258 314 4262 4263 
	}
}
north_sea={
	location=1975
	color={
		117 165 188 
	}
	outgoing={
		name="english_channel"
		path={
			1270 236 
		}
		control={
			2851.000000 1611.000000 
		}
	}
	outgoing={
		name="lubeck"
		path={
			1266 1267 1259 1258 45 
		}
		control={
			2882.000000 1665.000000 2955.000000 1690.500000 2983.000000 1670.000000 2979.000000 1645.000000 2974.000000 1637.000000 2979.000000 1627.000000 2976.000000 1618.000000 2974.000000 1612.000000 2981.000000 1606.000000 
		}
	}
	members={
		1975 1266 1280 1281 1282 1929 4153 4146 248 249 251 246 247 4361 4362 253 4364 4365 250 252 369 4110 4363 375 376 4119 373 374 4120 4379 372 4121 4380 4118 4377 4378 10 20 21 1978 1979 370 371 23 24 2752 4145 4375 244 
	}
}
lubeck={
	location=45
	color={
		190 70 70 
	}
	outgoing={
		name="english_channel"
		path={
			1857 44 1268 1269 
		}
		control={
			2966.000000 1599.000000 2957.000000 1596.000000 2915.000000 1602.000000 2868.000000 1576.000000 
		}
	}
	members={
		6 12 13 14 15 16 17 22 26 44 45 46 47 48 53 54 55 1775 1857 1874 1858 1981 1982 1983 1984 7 2994 2995 2996 4141 4142 4143 4144 4149 4163 4164 4165 4749 4745 4746 4771 4772 4786 
	}
}
bordeaux={
	location=1276
	color={
		36 132 247 
	}
	outgoing={
		name="champagne"
		path={
			1275 172 178 184 185 
		}
		control={
			2756.000000 1449.500000 2785.000000 1452.000000 2805.000000 1459.000000 2832.000000 1470.000000 
		}
	}
	members={
		1276 190 195 199 169 170 171 172 4384 194 198 4112 180 4111 4386 4387 173 209 210 174 175 176 177 178 4389 2989 4694 4697 4777 
	}
}
sevilla={
	location=1293
	color={
		57 160 101 
	}
	outgoing={
		name="valencia"
		path={
			4546 223 222 221 1295 
		}
		control={
			2751.000000 1257.000000 2780.000000 1258.000000 2798.000000 1275.000000 2812.000000 1300.000000 
		}
	}
	members={
		206 207 208 1746 215 216 231 232 1293 217 218 219 221 222 223 224 225 226 227 228 229 230 334 335 367 1745 1747 1748 1749 1751 1851 2754 2755 2751 4150 4546 4547 4548 4551 4552 4553 4554 4555 4556 4558 4561 4563 368 366 4565 4787 4788 4789 
	}
}
champagne={
	location=186
	color={
		193 26 14 
	}
	inland=yes
	outgoing={
		name="genua"
		path={
			187 193 203 204 2991 102 1298 
		}
		control={
			2891.000000 1487.000000 2893.000000 1450.000000 2878.000000 1435.000000 2882.000000 1409.500000 2880.500000 1385.500000 
		}
	}
	outgoing={
		name="english_channel"
		path={
			181 1866 92 1744 1269 
		}
		control={
			2862.000000 1510.000000 2858.000000 1532.000000 2865.000000 1540.000000 2871.000000 1550.000000 
		}
	}
	members={
		182 183 185 4388 179 184 4776 181 186 4390 187 188 189 165 1867 1871 91 93 94 1866 191 192 193 1877 4392 203 204 205 4719 4720 4721 4764 4766 
	}
}
valencia={
	location=1295
	color={
		87 70 168 
	}
	outgoing={
		name="genua"
		path={
			213 1296 1297 
		}
		control={
			2893.000000 1353.500000 
		}
	}
	members={
		1295 197 212 213 2987 2988 220 1750 4549 4550 211 214 2990 4557 333 4559 4560 196 200 2753 4391 4695 
	}
}
genua={
	location=1298
	color={
		218 215 56 
	}
	members={
		1298 124 125 126 2982 115 116 117 2978 2980 123 1934 2984 101 102 2992 103 1875 2981 127 1247 2986 201 202 2991 4696 4727 4735 4736 4737 118 2976 4731 4732 121 2983 4734 104 1862 2979 4728 4740 
	}
	end=yes
}
venice={
	location=1308
	color={
		54 167 156 
	}
	members={
		105 106 107 108 109 111 112 113 114 119 120 122 129 130 1308 1769 1774 1933 2977 2985 4729 4730 4733 4738 4739 4751 
	}
	end=yes
}
english_channel={
	location=1269
	color={
		220 138 57 
	}
	members={
		1269 1270 1271 167 168 1879 4385 87 88 89 1743 241 242 4366 4369 245 4367 4368 4785 239 240 4372 243 1860 1861 4370 4376 233 234 4130 4373 4374 235 236 237 238 4371 92 95 98 99 2974 96 97 4383 100 1931 4381 4382 90 1744 1865 4769 4770 1742 
	}
	end=yes
}
th_trade_node_bestial={
	location=5044
	color={
		0 255 255 
	}
	outgoing={
		name="th_trade_node_lower_animal_realm"
		path={
			6286 6287 7140 6296 6303 6302 6375 6373 5258 
		}
		control={
			5193.000000 1404.000000 5185.757812 1386.875977 5141.743164 1320.864990 5139.000000 1279.000000 5133.617188 1240.920044 5135.000000 1205.000000 
		}
	}
	outgoing={
		name="th_trade_node_primate_spirit_garden"
		path={
			6282 5236 6279 6340 5045 
		}
		control={
			5233.498047 1410.741943 5241.523926 1391.453979 5273.833008 1386.270996 5296.713867 1375.603027 
		}
	}
	members={
		6330 6323 5243 6322 5235 6311 6308 6307 6309 5242 5236 6281 6283 6282 5237 5044 6284 6285 6286 6287 6290 6288 6291 6292 6289 5238 6295 6293 6294 6306 5239 6305 5240 6304 6296 5046 6303 6302 6301 6298 6299 6297 6300 
	}
}
th_trade_node_hell={
	location=4982
	color={
		225 150 30 
	}
	outgoing={
		name="th_trade_node_lower_animal_realm"
		path={
			6442 6441 5259 6430 6421 5258 
		}
		control={
			5074.666992 1107.567993 5090.313965 1126.796997 5117.290039 1142.488037 5121.633789 1164.633057 5139.476074 1169.290039 
		}
	}
	outgoing={
		name="th_trade_node_lower_hell"
		path={
			6445 6459 6461 6383 6386 6385 6409 5250 
		}
		control={
			5089.975098 1089.265015 5110.000000 1101.000000 5164.000000 1086.000000 5193.308105 1067.203979 5212.993164 1056.298950 5225.439941 1031.635986 
		}
	}
	outgoing={
		name="th_trade_node_lone_coast"
		path={
			6445 6458 6455 5261 6499 5262 6395 6505 5005 
		}
		control={
			5087.000000 1057.000000 5109.470215 1049.387939 5140.682129 1031.657959 5169.970215 1026.380981 5183.000000 978.000000 5197.970215 954.270020 
		}
	}
	members={
		6435 6437 6438 4983 4986 6441 6442 4982 6443 6445 6444 6470 6440 6446 6447 6448 5271 6439 6449 6451 6450 5272 6452 6436 5269 6477 6476 6479 6480 6478 6481 6482 5270 6483 4984 6487 6486 6484 6485 6488 6472 6458 6456 6457 6468 6471 6474 6475 6469 6473 6489 5265 6490 
	}
}
th_trade_node_moon={
	location=5320
	color={
		220 220 220 
	}
	outgoing={
		name="th_trade_node_moon_islands"
		path={
			6840 6837 6835 6778 6719 7043 5330 5324 6706 6707 5327 
		}
		control={
			6806.000000 1738.000000 6771.000000 1746.000000 6750.000000 1761.000000 6706.000000 1763.000000 6664.000000 1748.000000 6632.000000 1758.000000 6594.000000 1754.000000 6527.000000 1744.000000 6450.000000 1778.000000 6408.000000 1778.000000 
		}
	}
	outgoing={
		name="th_trade_node_space"
		path={
			6840 6837 6835 6778 6719 7043 5330 5324 7195 7193 7187 7188 7169 7168 7164 6000 5301 
		}
		control={
			6798.563965 1715.230957 6767.163086 1727.276978 6754.894043 1746.754028 6723.543945 1745.103027 6659.375977 1757.970947 6639.000000 1754.000000 6593.000000 1739.000000 6490.000000 1681.000000 6412.606934 1695.186035 6338.776855 1712.187012 6269.930176 1678.219971 6083.000000 1645.000000 5981.000000 1622.000000 5909.000000 1642.000000 5831.000000 1664.000000 5775.474121 1687.380981 
		}
	}
	members={
		7053 4948 5314 5315 5316 5317 5318 5319 5320 5321 5322 5323 5329 5330 5331 5332 5333 5334 5335 5336 5337 5862 5863 5864 5865 5866 5867 5868 5869 5870 5871 5872 5873 5874 5875 5876 5877 5878 5879 5880 5881 6258 6259 6260 6261 6262 6711 6712 6713 6714 6715 6716 6717 6718 6719 6720 6721 6722 6723 6724 6725 6726 6727 6728 6729 6730 6731 6732 6733 6736 6737 6738 6739 6740 6741 6742 6743 6744 6745 6746 6747 6748 6749 6750 6751 6752 6770 6782 6783 6784 6785 6786 6787 6788 6789 6790 6791 6792 6793 6794 6795 6796 6797 6798 6799 6800 6801 6802 6803 6804 6805 6806 6807 6808 6809 6810 6811 6812 6813 6814 6815 6816 6817 6818 6819 6820 6821 6822 6823 6824 6825 6826 6827 6828 6829 6830 6831 6832 6833 6834 6835 6836 6837 6838 6839 6840 6841 6842 6843 6844 6845 6846 6847 6848 6849 6850 6851 6852 6853 6854 6855 6856 6857 6858 6859 6860 6861 6862 6863 6864 6865 6866 6867 6868 6869 6870 6871 6872 6873 6874 6875 6876 6877 6878 6879 6880 6881 6882 6883 6884 6885 6886 6887 6888 6889 6890 6891 6892 6893 6894 6895 6896 6897 6898 6899 6900 6901 6902 6903 6904 6905 6906 6907 6908 6909 6910 6911 6912 6913 6914 6915 6916 6917 6918 6919 6920 6921 6922 6923 6924 6925 6926 6927 6928 6929 6930 6931 6932 6933 6934 6935 6936 6937 6938 6939 6940 6941 6942 6943 6944 6945 6946 6947 6948 6949 6950 6951 6952 6953 6954 6955 6956 6957 6958 6959 6960 6961 6962 6963 6964 6965 6966 6967 6968 6969 6970 6971 6972 6973 6974 6975 6976 6977 6978 6979 6980 6981 6982 6983 6984 6985 6986 6987 6988 6989 6990 6991 6992 6993 6994 6995 6996 6997 6998 6999 7000 7001 7002 7003 7004 7005 7006 7007 7008 7009 7010 7011 7012 7013 7014 7015 7016 7017 7018 7019 7020 7021 7022 7023 7024 7025 7026 7027 7028 7029 7030 7031 7032 7033 7034 7035 7036 7037 7038 7039 7040 7041 7042 7043 7044 7045 7046 7047 7048 7049 7050 7051 7052 
	}
}
th_trade_node_hakurei={
	location=4956
	color={
		200 20 20 
	}
	outgoing={
		name="th_trade_node_scarlet_mountain"
		path={
			5376 5367 5063 5372 5364 5437 5077 
		}
		control={
			5927.000000 954.000000 5917.922852 970.439026 5910.527832 989.315002 5915.413086 1004.208984 5891.000000 1016.000000 
		}
	}
	outgoing={
		name="th_trade_node_misty_lake_south"
		path={
			5376 5366 4955 5365 5348 5037 5435 5443 5076 5071 5468 4968 
		}
		control={
			5903.000000 948.000000 5853.000000 952.000000 5815.000000 964.000000 5800.000000 986.000000 5809.000000 1011.000000 5810.000000 1040.000000 5814.000000 1068.000000 5799.000000 1082.000000 5787.000000 1115.000000 
		}
	}
	outgoing={
		name="th_trade_node_mayohiga"
		path={
			5375 5369 5370 7067 5487 5067 
		}
		control={
			5950.000000 946.000000 5974.520020 969.270020 5987.000000 989.000000 6017.550781 1003.466003 
		}
	}
	members={
		5061 5062 5411 5413 5412 5410 5408 5417 5416 5414 5419 5064 5348 5415 5409 5406 5041 5405 5404 5401 5397 5396 5393 5381 5057 5383 5386 5387 5388 5042 5385 5384 5395 5382 5394 5379 5389 5390 5392 5368 5371 5370 5369 5374 5376 5058 5391 5378 4956 5375 5377 5373 
	}
}
th_trade_node_scarlet_mountain={
	location=5077
	color={
		138 52 0 
	}
	outgoing={
		name="th_trade_node_misty_lake_south"
		path={
			5439 5444 5076 5071 5468 4968 
		}
		control={
			5863.395996 1043.423950 5850.000000 1055.000000 5818.000000 1079.000000 5781.000000 1091.000000 5766.853027 1110.366943 
		}
	}
	outgoing={
		name="th_trade_node_mayohiga"
		path={
			5437 5478 5477 7067 5487 5067 
		}
		control={
			5893.413086 1030.951050 5910.773926 1030.921997 5938.585938 1023.237976 5974.709961 1023.580017 6008.000000 1020.000000 
		}
	}
	members={
		5075 5422 5429 5430 5434 5435 5037 5436 5439 5438 5077 5446 5440 5437 5403 5407 5060 5400 5399 5363 5365 5364 5478 5479 5065 5477 5372 5063 4955 5361 5362 5059 5398 5402 5380 5480 5367 5366 
	}
}
th_trade_node_deep_netherworld={
	location=5111
	color={
		133 133 133 
	}
	outgoing={
		name="th_trade_node_netherworld"
		path={
			5688 5689 5671 4957 5106 5668 4958 
		}
		control={
			6279.000000 1042.000000 6262.000000 1055.000000 6244.000000 1052.000000 6214.000000 1059.000000 6185.000000 1075.000000 
		}
	}
	outgoing={
		name="th_trade_node_bamboo_forest_south"
		path={
			5688 5689 5670 5656 5105 5658 5649 5640 5639 5100 5098 5605 5595 4997 
		}
		control={
			6277.410156 1061.811035 6261.000000 1083.000000 6253.761230 1098.762939 6228.337891 1118.173950 6216.000000 1139.000000 6197.166016 1145.334961 6194.521973 1162.404053 6185.000000 1182.000000 6171.000000 1194.000000 6150.849121 1204.672974 6152.370117 1223.911011 6130.000000 1248.000000 6122.000000 1257.000000 
		}
	}
	members={
		5643 5641 5642 5644 5647 5646 5650 5648 5649 4959 5105 5651 5645 5102 5653 5652 5655 5654 5656 5670 5671 5689 5687 5686 5685 5693 5696 5690 4962 5694 5695 5691 5692 5110 5688 5111 5697 5698 5699 
	}
}
th_trade_node_pandaemonium={
	location=5214
	color={
		255 128 64 
	}
	outgoing={
		name="th_trade_node_makai"
		path={
			6007 5205 6031 6025 6026 6017 5020 
		}
		control={
			5479.461914 1559.875977 5503.233887 1547.371948 5528.000000 1556.000000 5546.000000 1585.000000 5564.842773 1587.110962 5576.309082 1609.213013 
		}
	}
	outgoing={
		name="th_trade_node_moriya_coast"
		path={
			5023 6045 6043 5209 6110 5353 4965 
		}
		control={
			5460.000000 1523.000000 5459.000000 1488.000000 5465.000000 1459.000000 
		}
	}
	members={
		6032 6007 6033 6045 6035 5208 6043 5210 6044 5023 6047 6048 6046 6065 6062 5214 6061 6055 5215 6056 6058 6057 6059 6060 6064 6063 5211 6049 6050 6051 5212 6053 6052 6068 6069 5018 6070 6071 5213 6066 6067 6266 6265 6054 5621 
	}
}
th_trade_node_moriya_coast={
	location=4965
	color={
		0 255 0 
	}
	outgoing={
		name="th_trade_node_moriya"
		path={
			7127 6175 6176 4999 6167 5224 
		}
		control={
			5451.000000 1399.000000 5454.000000 1358.000000 5444.000000 1300.000000 5443.000000 1285.000000 
		}
	}
	outgoing={
		name="th_trade_node_makai"
		path={
			5353 6110 5209 6042 6036 5207 5019 6020 6018 6017 5020 
		}
		control={
			5486.564941 1438.390991 5499.125000 1458.977051 5507.618164 1466.869995 5506.644043 1476.975952 5539.276855 1492.918945 5551.396973 1515.792969 5557.634766 1532.515991 5572.000000 1557.000000 5583.107910 1576.170044 5578.000000 1619.000000 
		}
	}
	outgoing={
		name="th_trade_node_hall_of_inovation"
		path={
			6127 6129 4966 6142 6143 6146 5355 
		}
		control={
			5485.778809 1424.485962 5508.387207 1398.447021 5525.238770 1390.631958 5566.216797 1396.962036 5575.167969 1400.969971 5589.418945 1384.432983 
		}
	}
	members={
		6119 6118 5216 6120 6117 6122 6123 4967 6116 6115 6114 5217 6112 6113 5218 6124 6125 6111 4965 6126 6127 6128 5353 6138 5219 6110 6129 6135 6130 6131 6132 6162 5222 6163 6164 6176 6175 6177 6181 5226 6183 6267 6268 6269 6121 
	}
}
th_trade_node_primate_spirit_garden={
	location=5045
	color={
		0 128 192 
	}
	outgoing={
		name="th_trade_node_moriya"
		path={
			6274 6272 6270 6182 6180 6179 6178 5224 
		}
		control={
			5326.231934 1353.598999 5352.282227 1324.354004 5376.620117 1304.119995 5405.336914 1285.468994 5422.437012 1282.379028 5448.236816 1269.485962 
		}
	}
	outgoing={
		name="th_trade_node_lower_animal_realm"
		path={
			6319 6318 6321 5243 5244 6331 5246 6375 6373 5258 
		}
		control={
			5296.862793 1336.881958 5286.141113 1315.378052 5262.938965 1299.605957 5258.000000 1281.000000 5245.000000 1270.000000 5224.426758 1242.884033 5199.000000 1225.000000 5174.580078 1194.750000 
		}
	}
	outgoing={
		name="th_trade_node_lower_mountain"
		path={
			6316 6454 6347 5340 5230 
		}
		control={
			5309.000000 1302.000000 5305.000000 1264.000000 5330.000000 1224.000000 5371.000000 1176.000000 
		}
	}
	members={
		6263 6274 6264 6272 6273 6271 6312 6315 6314 6270 5234 5231 6313 6341 6342 5048 6343 5045 6276 6278 6340 6275 6277 6310 6279 6280 6320 5241 6319 6316 6317 6318 6321 6326 5232 6324 6325 6336 6337 6327 5244 6328 6329 5233 
	}
}
th_trade_node_lower_animal_realm={
	location=5258
	color={
		255 128 128 
	}
	outgoing={
		name="th_trade_node_lower_hell"
		path={
			6424 4985 6380 6381 6357 5339 6403 6402 5250 
		}
		control={
			5161.000000 1161.000000 5182.000000 1124.000000 5188.000000 1096.000000 5215.000000 1076.000000 
		}
	}
	outgoing={
		name="th_trade_node_lower_mountain"
		path={
			6424 6379 6378 6366 5256 6454 6347 5340 5230 
		}
		control={
			5174.320801 1166.614990 5209.482910 1169.504028 5233.515137 1178.822998 5263.835938 1159.685059 5315.000000 1153.000000 5339.000000 1151.000000 5367.200195 1155.939941 
		}
	}
	members={
		6346 5256 6368 6366 6360 5049 6367 6369 6370 6377 6378 6379 6424 6374 6376 6375 6372 6420 6373 5258 6421 6423 4985 6425 6422 6419 6358 5255 6380 6382 6381 6429 5259 6428 6427 6426 5245 6333 6334 5047 5246 6331 6332 6371 6434 6432 6431 6430 6433 6338 6335 6344 6345 6359 
	}
}
th_trade_node_moon_islands={
	location=5327
	color={
		44 44 44 
	}
	outgoing={
		name="th_trade_node_heaven"
		path={
			7194 7165 7125 7174 6244 5311 5312 5032 
		}
		control={
			6338.000000 1763.000000 6177.000000 1762.000000 6100.000000 1818.000000 6057.200195 1840.286987 6024.663086 1849.161011 5995.454102 1855.144043 5963.883789 1848.770996 
		}
	}
	outgoing={
		name="th_trade_node_sunflower"
		path={
			6705 7193 7227 7147 7089 5817 5822 5153 
		}
		control={
			6363.000000 1744.000000 6366.000000 1717.000000 6340.000000 1699.000000 6178.000000 1623.000000 6155.000000 1593.000000 6165.000000 1563.000000 6172.000000 1549.000000 6179.770020 1526.509033 
		}
	}
	members={
		6222 6700 6701 6702 6704 6703 5338 6705 5327 5328 6708 6707 5326 6706 6709 5325 6710 5324 
	}
}
th_trade_node_heaven={
	location=5032
	color={
		0 0 255 
	}
	outgoing={
		name="th_trade_node_silent_temple"
		path={
			5036 6230 7179 7164 7101 5963 5167 
		}
		control={
			5940.000000 1791.000000 5895.000000 1777.000000 5842.000000 1708.000000 5808.000000 1639.000000 5766.000000 1624.000000 5757.000000 1608.000000 
		}
	}
	outgoing={
		name="th_trade_node_space"
		path={
			5036 6230 7179 7159 6003 6002 5999 5301 
		}
		control={
			5936.477051 1769.704956 5875.350098 1764.729980 5784.000000 1745.000000 5750.145020 1728.443970 5735.000000 1701.000000 
		}
	}
	members={
		4949 4950 6215 6214 5031 6213 5306 6216 6212 6218 6230 6229 5309 6232 6233 5308 5036 6237 6238 6217 6219 6257 6256 5313 6255 6254 5030 6220 6221 6223 6250 6251 6252 6253 5312 6249 6247 6246 5032 6248 6245 5311 6243 6244 6227 6228 6231 6225 6224 6226 5052 6239 6240 6241 5310 6242 5307 6236 5000 6235 6234 
	}
}
th_trade_node_makai={
	location=6006
	color={
		90 115 175 
	}
	outgoing={
		name="th_trade_node_old_hakurei"
		path={
			5204 5185 5985 5183 
		}
		control={
			5609.000000 1614.000000 5626.000000 1605.000000 5643.000000 1599.000000 
		}
	}
	outgoing={
		name="th_trade_node_hall_of_inovation"
		path={
			5204 6018 6020 5019 5202 6023 5346 6108 6141 6142 6143 6146 5355 
		}
		control={
			5585.000000 1601.000000 5592.000000 1571.000000 5591.000000 1530.000000 5581.430176 1501.689941 5582.520020 1479.400024 5568.000000 1445.000000 5579.000000 1417.000000 5596.000000 1384.000000 
		}
	}
	outgoing={
		name="th_trade_node_spirit_mausoleum"
		path={
			5204 5185 5984 5983 5347 5172 6080 6081 5171 
		}
		control={
			5591.877930 1607.954956 5613.372070 1580.788940 5655.000000 1532.000000 5652.000000 1501.000000 5665.000000 1466.000000 5683.000000 1447.000000 
		}
	}
	members={
		6014 5024 6012 6011 5022 6009 6013 6030 6015 6016 6010 6008 6006 5020 5204 6017 6026 6018 5206 6025 6024 6020 5203 6019 5019 6028 6029 5205 6031 6027 6034 6036 6038 5207 6037 6040 6039 6042 6041 5209 
	}
}
th_trade_node_netherworld={
	location=4958
	color={
		0 255 255 
	}
	outgoing={
		name="th_trade_node_bamboo_forest_south"
		path={
			5667 7073 5564 5565 5595 4997 
		}
		control={
			6155.663086 1104.203003 6114.000000 1143.000000 6089.716797 1205.652954 6090.183105 1217.261963 6106.556152 1248.232056 
		}
	}
	outgoing={
		name="th_trade_node_mayohiga"
		path={
			7072 5504 5068 5498 5495 5067 
		}
		control={
			6104.845215 1076.956055 6086.605957 1064.843994 6068.695801 1048.244995 6039.773926 1039.708984 6037.488770 1024.240967 
		}
	}
	members={
		4960 5101 5640 5637 5663 5662 5660 5659 5658 5103 5661 5104 5667 4958 5666 5657 5669 5106 5668 5672 4961 5664 5680 5681 5682 5679 5678 5677 5676 5675 5683 5684 5109 5674 4957 5673 5107 5108 5665 
	}
}
th_trade_node_mayohiga={
	location=5067
	color={
		140 0 140 
	}
	outgoing={
		name="th_trade_node_misty_lake_south"
		path={
			5486 5485 5481 5479 5440 5438 5444 5076 5071 5468 4968 
		}
		control={
			6005.812988 1026.207031 5985.125000 1031.605957 5964.216797 1063.177002 5929.358887 1051.713013 5909.763184 1048.516968 5884.498047 1058.732056 5851.815918 1066.296021 5840.236816 1058.202026 5789.285156 1091.766968 5766.853027 1110.366943 
		}
	}
	outgoing={
		name="th_trade_node_fairy_forest"
		path={
			5496 5070 5483 5505 5475 5476 4975 
		}
		control={
			6027.289062 1043.952026 6013.723145 1074.645996 5990.443848 1083.707031 5988.243164 1106.671997 5983.578125 1131.447998 5968.583984 1145.739014 
		}
	}
	members={
		5493 5492 5494 5489 5488 5490 4989 5491 5497 5495 5067 5487 5486 5496 5066 5485 5499 5498 5068 5069 5500 5503 5504 5508 5507 5510 5509 5040 5505 5502 5501 5070 5484 5482 5483 5481 4988 5079 5448 5447 5449 
	}
}
th_trade_node_fairy_forest={
	location=4975
	color={
		1 201 156 
	}
	outgoing={
		name="th_trade_node_misty_lake"
		path={
			5470 5472 5083 5084 5530 5531 5134 5533 5540 5539 5188 
		}
		control={
			5957.000000 1186.000000 5936.000000 1195.000000 5905.000000 1205.000000 5874.106934 1205.121948 5851.242188 1212.832031 5824.000000 1233.000000 5799.000000 1225.000000 5768.500000 1225.517944 5736.000000 1228.000000 
		}
	}
	outgoing={
		name="th_trade_node_misty_lake_south"
		path={
			5470 5472 5081 4944 7149 5463 5469 4968 
		}
		control={
			5958.000000 1164.000000 5933.130859 1166.557983 5904.970215 1154.588989 5867.000000 1149.000000 5833.000000 1144.000000 5810.307129 1127.212036 5772.612793 1129.155029 
		}
	}
	outgoing={
		name="th_trade_node_forest_of_magic"
		path={
			5520 5521 5574 5090 
		}
		control={
			5990.323242 1192.374023 6000.000000 1213.000000 6013.991211 1225.442993 
		}
	}
	members={
		5080 5454 5457 5456 5475 5476 4975 5082 5470 5472 5471 5081 5526 5528 5084 5527 5083 5524 5523 5473 5474 5514 4980 5517 5513 5511 5085 5516 5515 5512 5521 5091 5518 5519 5520 5559 4974 5529 5530 5581 5583 5131 5582 
	}
}
th_trade_node_bamboo_forest_south={
	location=4997
	color={
		0 155 78 
	}
	outgoing={
		name="th_trade_node_bamboo_forest_north"
		path={
			5598 5609 5610 5115 5624 4991 
		}
		control={
			6125.000000 1275.000000 6130.000000 1302.000000 6128.000000 1328.000000 6126.000000 1344.000000 6128.000000 1363.000000 
		}
	}
	outgoing={
		name="th_trade_node_forest_of_magic"
		path={
			5569 5570 5571 5090 
		}
		control={
			6086.837891 1251.249023 6058.000000 1253.000000 6040.871094 1245.282959 
		}
	}
	members={
		5591 4981 5590 5596 5607 5606 5608 5609 5610 5611 4992 5096 5099 5598 5599 5603 5604 5602 5097 5601 5600 5597 5595 5605 4997 5088 5565 5568 5086 5564 5098 5100 5638 5639 5623 5112 5612 5115 5613 5614 5113 5622 
	}
}
th_trade_node_space={
	location=5301
	color={
		64 128 128 
	}
	outgoing={
		name="th_trade_node_old_hakurei"
		path={
			5184 5992 5991 5183 
		}
		control={
			5675.698242 1649.281006 5653.863770 1637.504028 5661.353027 1607.322998 
		}
	}
	outgoing={
		name="th_trade_node_silent_temple"
		path={
			5998 7101 5963 5167 
		}
		control={
			5748.773926 1657.187012 5743.230957 1625.557983 5763.894043 1612.151978 
		}
	}
	members={
		6002 5304 5305 5997 5998 5301 5999 6004 6005 6000 5302 6001 5303 6003 
	}
}
th_trade_node_hall_of_inovation={
	location=5355
	color={
		0 94 0 
	}
	outgoing={
		name="th_trade_node_tengu"
		path={
			6150 5909 5908 5910 4964 
		}
		control={
			5622.641113 1347.878052 5645.543945 1359.885986 5677.000000 1351.000000 5675.000000 1331.000000 
		}
	}
	outgoing={
		name="th_trade_node_spirit_mausoleum"
		path={
			6149 5344 6094 5171 
		}
		control={
			5632.942871 1380.307983 5655.000000 1421.000000 5675.000000 1431.000000 
		}
	}
	outgoing={
		name="th_trade_node_moriya"
		path={
			6147 6152 6151 6164 5222 6176 4999 6167 5224 
		}
		control={
			5568.279785 1366.800049 5552.291016 1347.952026 5534.726074 1326.276001 5512.870117 1306.880981 5484.800781 1304.751953 5466.637207 1305.229004 5453.562012 1283.416016 5464.567871 1269.461060 
		}
	}
	members={
		5201 6155 6157 5043 6158 5035 6154 6161 6151 5356 6133 5220 6139 6152 6147 6148 6153 6140 5355 6150 5221 6149 6145 6146 6143 6142 6134 4966 6136 6141 5354 6144 6137 6108 6109 5026 6102 
	}
}
th_trade_node_lower_hell={
	location=5250
	color={
		255 87 6 
	}
	outgoing={
		name="th_trade_node_lower_mountain"
		path={
			6407 5249 6405 6362 6361 6365 5247 6363 5230 
		}
		control={
			5259.403809 1041.812012 5291.139160 1061.577026 5308.746094 1069.694946 5322.671875 1072.189941 5346.501953 1081.208008 5361.836914 1092.161987 5363.393066 1117.878052 5381.783203 1127.463013 
		}
	}
	outgoing={
		name="th_trade_node_lone_coast"
		path={
			6393 6394 6395 6505 5005 
		}
		control={
			5216.500000 1013.181030 5216.919922 981.890015 5222.000000 958.000000 
		}
	}
	members={
		6495 6496 6506 6497 6501 6500 5262 6499 6498 6390 6388 6389 6387 6385 6409 5250 6391 6393 6392 6401 6408 6407 6402 6403 5251 6384 6383 6386 5253 5254 6465 6463 5261 5263 6459 4969 6455 6462 6460 6491 6492 5268 6494 6493 6467 6466 5260 6464 
	}
}
th_trade_node_old_hakurei={
	location=5183
	color={
		236 112 254 
	}
	outgoing={
		name="th_trade_node_silent_temple"
		path={
			5990 5978 7101 5963 5167 
		}
		control={
			5669.000000 1591.000000 5695.409180 1595.906982 5743.230957 1625.557983 5763.894043 1612.151978 
		}
	}
	outgoing={
		name="th_trade_node_spirit_mausoleum"
		path={
			5021 5977 5979 5347 5172 6080 6081 5171 
		}
		control={
			5652.918945 1562.839966 5669.248047 1548.165039 5683.918945 1525.130005 5690.470215 1509.160034 5679.880859 1484.402954 5696.140137 1455.723999 
		}
	}
	members={
		5972 5179 5974 5973 5180 5975 5976 5979 5181 5980 5982 5983 5984 5981 5985 5183 5021 5977 5182 5978 5994 5996 5184 5993 5186 5988 5987 5986 5991 5990 5992 5995 6072 6073 5173 6075 6077 6021 6022 6023 5202 5185 5989 
	}
}
th_trade_node_lone_coast={
	location=5005
	color={
		219 175 26 
	}
	outgoing={
		name="th_trade_node_hell_furnace"
		path={
			6397 7277 6621 5013 5295 
		}
		control={
			5281.000000 899.000000 5330.000000 884.000000 5377.000000 880.000000 5401.000000 877.000000 
		}
	}
	outgoing={
		name="th_trade_node_lower_mountain"
		path={
			6396 6398 6399 6411 6415 6416 6418 5947 5941 5247 6363 5230 
		}
		control={
			5241.893066 951.396973 5259.295898 956.325989 5285.759766 984.310974 5308.391113 1006.408020 5335.757812 1041.542969 5356.000000 1059.000000 5365.000000 1075.000000 5372.000000 1088.000000 5380.000000 1106.000000 5381.779785 1127.459961 
		}
	}
	members={
		6541 5051 6542 6400 6411 6413 5275 6412 6399 6410 5276 6398 6396 6397 6394 6395 6503 6505 6504 5005 6502 6519 6521 5277 6518 6517 6522 6525 5266 6516 6520 6526 6524 6523 6512 6510 6527 6528 6529 6531 6532 6530 5267 6509 6508 6507 4990 6511 6514 5053 6515 6513 5264 
	}
}
th_trade_node_spirit_mausoleum={
	location=5171
	color={
		214 216 150 
	}
	outgoing={
		name="th_trade_node_tengu"
		path={
			6094 5344 4970 5908 5910 4964 
		}
		control={
			5701.529785 1405.541992 5693.000000 1392.000000 5683.000000 1370.000000 5684.000000 1348.000000 5683.000000 1339.000000 
		}
	}
	outgoing={
		name="th_trade_node_silent_temple"
		path={
			6082 6085 6084 5347 5974 5972 5165 5959 5167 
		}
		control={
			5714.000000 1456.000000 5736.728027 1468.558960 5742.620117 1499.192017 5739.000000 1519.000000 5736.000000 1550.000000 5747.662109 1559.667969 5756.244141 1573.797974 
		}
	}
	members={
		6078 5172 5170 5025 6084 5169 5967 6086 6089 6087 6088 6085 6082 6081 6079 6080 6083 6076 5029 6074 6106 6107 5177 6105 5176 6103 6104 6093 6101 6100 6097 6092 5171 5028 6090 6091 6094 5174 6096 6098 5175 6099 6095 
	}
}
th_trade_node_hell_furnace={
	location=5295
	color={
		255 47 17 
	}
	outgoing={
		name="th_trade_node_former_hell"
		path={
			6558 6560 6697 6696 5296 
		}
		control={
			5444.363770 872.822998 5457.770996 907.533997 5498.100098 923.466003 5502.231934 932.448975 
		}
	}
	outgoing={
		name="th_trade_node_lower_mountain"
		path={
			5013 6550 6548 6599 6598 6597 6570 6569 6418 5947 5941 5247 6363 5230 
		}
		control={
			5406.000000 892.000000 5389.378906 911.510010 5376.932129 925.268005 5378.490234 947.405029 5370.315918 972.320984 5377.899902 988.815002 5375.660156 1012.413025 5375.000000 1031.000000 5368.000000 1052.000000 5382.410156 1066.389038 5389.734863 1083.470947 5363.393066 1117.878052 5381.783203 1127.463013 
		}
	}
	members={
		6558 6559 5295 6554 5013 6556 6553 6557 6555 6552 6551 6547 6550 6548 6599 6549 6601 5278 6596 6578 6598 6597 6546 5279 6545 6539 6540 6544 6543 6600 6535 6537 6533 5273 6536 6538 6569 6570 6571 6574 6573 6534 
	}
}
th_trade_node_silent_temple={
	location=5167
	color={
		0 0 160 
	}
	outgoing={
		name="th_trade_node_tengu"
		path={
			5959 5165 5972 5971 5347 6078 6076 5029 6093 6097 6098 5344 4970 5908 5910 4964 
		}
		control={
			5756.244141 1573.797974 5747.662109 1559.667969 5752.567871 1535.306030 5774.000000 1480.000000 5768.000000 1455.000000 5753.029785 1432.819946 5748.000000 1401.000000 5717.000000 1367.000000 5696.000000 1343.000000 5681.970215 1332.489990 
		}
	}
	outgoing={
		name="th_trade_node_rika"
		path={
			7099 5858 5162 5762 5761 5148 
		}
		control={
			5834.555176 1589.848022 5902.601074 1554.854004 5921.953125 1538.933960 5935.755859 1523.907959 5953.119141 1510.762939 
		}
	}
	members={
		5854 5856 5033 5855 5853 5851 5852 5850 5849 5162 5857 5858 5163 5859 5860 5861 5954 5953 5034 5164 5957 5956 5958 5165 5166 5961 5962 5960 5959 5167 5963 5965 5964 5966 5955 5970 5971 5969 5178 5968 
	}
}
th_trade_node_lower_mountain={
	location=5230
	color={
		192 192 192 
	}
	outgoing={
		name="th_trade_node_moriya"
		path={
			5343 6200 6201 6170 5224 
		}
		control={
			5395.000000 1182.000000 5422.000000 1209.000000 5432.000000 1227.000000 5437.000000 1248.000000 
		}
	}
	outgoing={
		name="th_trade_node_central_mountain"
		path={
			5343 5928 5199 5932 
		}
		control={
			5456.148926 1161.186035 5517.000000 1181.000000 5549.000000 1211.000000 
		}
	}
	members={
		6196 6209 5228 6195 5230 6193 6194 6192 5274 6364 6365 6347 6349 5050 6356 6363 6417 6416 6415 6414 6418 5248 6355 6361 6362 5249 6406 6405 5247 5252 6357 6352 6353 6354 6404 5257 6348 6351 6350 5950 5952 5941 5947 5948 6339 6211 6210 6208 
	}
}
th_trade_node_former_hell={
	location=5296
	color={
		128 0 0 
	}
	outgoing={
		name="th_trade_node_gateway_to_hell"
		path={
			6693 6618 6685 6686 5298 
		}
		control={
			5550.349121 938.242981 5569.319824 938.679993 5589.354004 936.536987 
		}
	}
	outgoing={
		name="th_trade_node_central_mountain"
		path={
			6616 6615 6617 5283 6637 6641 5284 5285 5934 5932 
		}
		control={
			5517.784180 974.658997 5514.633789 1001.978027 5528.229004 1026.972046 5539.337891 1080.941040 5541.293945 1099.427979 5548.711914 1132.827026 5553.000000 1159.000000 5555.000000 1194.000000 
		}
	}
	members={
		5281 5280 6590 6595 5007 6591 6602 6592 6593 6614 6629 6615 6607 6608 6616 6692 6693 6694 6698 6695 5296 6696 5008 6699 6682 6681 6604 6606 6609 6603 5293 6613 6610 5292 6612 6697 5010 6630 5282 6628 6594 6611 6560 6561 5011 6568 6563 6562 5294 6605 6564 6565 6566 6567 
	}
}
th_trade_node_gateway_to_hell={
	location=5298
	color={
		255 128 64 
	}
	outgoing={
		name="th_trade_node_west_mistylake"
		path={
			6689 6667 6663 6666 6627 6646 6647 6649 5189 
		}
		control={
			5602.726074 980.437988 5616.112793 1003.953003 5632.000000 1029.000000 5632.000000 1055.000000 5634.000000 1088.000000 5640.000000 1113.000000 5632.154785 1125.717041 
		}
	}
	outgoing={
		name="th_trade_node_central_mountain"
		path={
			5297 5288 6663 6666 6627 6645 6639 6642 6643 6644 5555 5342 5931 5932 
		}
		control={
			5583.658203 983.713989 5581.000000 1020.000000 5591.319824 1035.390015 5580.419922 1075.589966 5587.305176 1101.812012 5584.370117 1126.400024 5576.000000 1154.000000 5564.000000 1186.000000 5566.000000 1200.000000 
		}
	}
	members={
		6633 6632 6631 6626 6661 6662 6623 6663 5288 6624 6622 6625 6689 6688 6672 6670 6669 5289 6671 6673 5298 6686 6687 6674 6675 5286 5297 6691 6690 6685 6684 5300 6680 5299 6683 6679 6678 6677 6676 6667 6668 5290 6658 6657 
	}
}
th_trade_node_west_mistylake={
	location=5189
	color={
		0 0 174 
	}
	outgoing={
		name="th_trade_node_misty_lake_south"
		path={
			5551 7057 7148 5074 5468 4968 
		}
		control={
			5637.243164 1138.754028 5690.000000 1127.000000 5717.619141 1124.921021 5742.562988 1117.932983 5766.853027 1110.366943 
		}
	}
	outgoing={
		name="th_trade_node_misty_lake"
		path={
			5550 5547 5543 5188 
		}
		control={
			5637.707031 1166.848999 5654.119141 1176.942017 5672.247070 1190.426025 
		}
	}
	outgoing={
		name="th_trade_node_central_mountain"
		path={
			5190 5555 5342 5931 5932 
		}
		control={
			5594.964844 1155.120972 5573.000000 1175.000000 5576.160156 1200.400024 
		}
	}
	members={
		5420 6654 6655 6656 6659 6653 6664 5287 6666 6665 5291 6660 6652 5418 6649 6651 6650 6648 6639 6642 5009 6647 6646 5552 5189 5551 5550 5017 5549 5555 5554 5190 5553 5547 6641 6637 5283 6638 6640 5284 5285 6644 6643 6636 6634 6635 6627 6645 
	}
}
th_trade_node_central_mountain={
	location=5932
	color={
		128 128 128 
	}
	outgoing={
		name="th_trade_node_tengu"
		path={
			5929 5925 5923 5198 5197 5914 4964 
		}
		control={
			5574.874023 1217.838013 5585.815918 1239.366943 5610.454102 1250.470947 5631.937012 1257.758057 5651.919922 1282.293945 5658.833008 1284.571045 
		}
	}
	outgoing={
		name="th_trade_node_moriya"
		path={
			5199 5223 6185 6169 5224 
		}
		control={
			5556.345215 1228.899048 5535.627930 1243.468018 5509.152832 1234.708984 5488.654785 1244.998047 
		}
	}
	outgoing={
		name="th_trade_node_misty_lake"
		path={
			5930 5926 5923 5191 5918 5544 5188 
		}
		control={
			5577.491211 1206.640015 5599.601074 1225.308960 5626.370117 1238.739990 5653.584961 1238.651001 5679.000000 1232.000000 
		}
	}
	members={
		5197 5198 5921 5922 5924 4963 5196 5925 5923 5926 5930 5927 5932 5929 5199 5933 5928 5936 5937 5938 5939 5935 5934 5931 6589 5012 6588 6586 6584 5940 5942 5943 6587 6585 6583 6580 5951 5949 5946 5944 5945 6577 6576 6579 6575 6581 6582 
	}
}
th_trade_node_moriya={
	location=5224
	color={
		20 200 20 
	}
	members={
		5227 6182 6180 6189 6190 6188 6178 6179 4999 6167 6168 4998 6165 6166 6187 5223 6184 6185 6186 6169 6170 6172 5224 6171 6173 6191 5225 6202 6203 6200 6201 5039 6156 5200 6160 6159 6174 6204 6199 6198 5229 6205 6207 6206 6197 
	}
	end=yes
}
th_trade_node_tengu={
	location=4964
	color={
		42 42 42 
	}
	outgoing={
		name="th_trade_node_misty_lake"
		path={
			5915 5913 5904 5139 5187 5188 
		}
		control={
			5674.106934 1302.465942 5689.645020 1295.168945 5695.475098 1276.357056 5695.000000 1247.000000 
		}
	}
	outgoing={
		name="th_trade_node_temple"
		path={
			5357 5911 5896 5897 5751 5014 5143 5006 5746 
		}
		control={
			5704.000000 1315.000000 5726.000000 1330.000000 5746.000000 1334.000000 5763.411133 1341.166016 5787.604980 1357.678955 5810.852051 1369.312012 5836.000000 1386.000000 
		}
	}
	outgoing={
		name="th_trade_node_rika"
		path={
			5357 5911 5896 5893 5889 5884 5360 5755 5146 5147 5725 5726 5756 5757 5148 
		}
		control={
			5689.314941 1315.227051 5718.143066 1338.115967 5745.600098 1353.448975 5753.754883 1379.503052 5770.309082 1400.213989 5793.911133 1402.444946 5810.306152 1422.636963 5838.174805 1428.224976 5867.502930 1449.449951 5911.000000 1469.000000 5938.000000 1486.000000 5960.000000 1485.000000 
		}
	}
	members={
		5911 5894 5193 5895 5892 5893 5889 5890 5891 4973 5886 5885 5887 5888 5027 5773 5772 5774 5168 5360 5884 5902 5903 5912 5357 4972 5910 5917 5916 5358 4964 5915 5913 5914 5920 5919 5194 5909 5908 4970 5907 4971 
	}
}
th_trade_node_rika={
	location=5148
	color={
		180 137 80 
	}
	outgoing={
		name="th_trade_node_human_capital"
		path={
			5757 5735 5733 5351 5708 4978 
		}
		control={
			5962.115234 1466.333008 5956.234863 1453.125977 5952.591797 1432.609985 5941.000000 1403.000000 5942.000000 1380.000000 
		}
	}
	outgoing={
		name="th_trade_node_temple"
		path={
			5759 5768 5725 5724 5744 5144 5746 
		}
		control={
			5947.492188 1475.489990 5929.438965 1456.520020 5904.000000 1436.000000 5889.708984 1416.348999 5873.967773 1399.723999 
		}
	}
	outgoing={
		name="th_trade_node_sunflower"
		path={
			5760 5830 5802 5803 5154 5813 5153 
		}
		control={
			6001.000000 1491.000000 6028.555176 1497.978027 6065.928223 1502.890991 6089.642090 1501.854004 6120.713867 1513.425049 6148.391113 1499.816040 
		}
	}
	members={
		5148 5830 5798 5797 5799 5758 5760 5759 5757 5756 5778 5761 5150 5767 5766 5763 5771 5775 5776 5777 5151 5764 5765 5762 5839 5001 5838 5836 5160 5845 5846 5832 5002 5837 5157 5843 5161 5841 5840 5842 5844 5158 5831 5779 
	}
}
th_trade_node_sunflower={
	location=5153
	color={
		255 255 0 
	}
	outgoing={
		name="th_trade_node_human_capital"
		path={
			5813 5806 5804 5801 5794 5795 5119 5731 5730 5351 5708 4978 
		}
		control={
			6148.391113 1499.816040 6140.997070 1489.208984 6111.886230 1482.961060 6092.212891 1471.114990 6076.000000 1455.000000 6060.652832 1439.651978 6041.772949 1436.927979 6023.400879 1429.160034 5998.000000 1415.000000 5988.000000 1403.000000 5964.950195 1381.491943 
		}
	}
	outgoing={
		name="th_trade_node_bamboo_forest_north"
		path={
			5814 5808 5788 5787 5627 4991 
		}
		control={
			6178.106934 1486.348022 6171.430176 1465.906006 6160.266113 1449.420044 6148.328125 1423.812012 6152.544922 1392.583984 
		}
	}
	members={
		5153 5800 5828 5802 5796 5795 5794 5792 5801 5003 5803 5833 5834 5156 5847 5159 5848 5004 5827 5826 5825 5819 5820 5824 5155 5835 5154 5805 5806 5804 5807 5813 5815 5818 5817 5816 5812 5789 5810 5809 5808 5152 5821 5814 5811 5823 5822
	}
}
th_trade_node_bamboo_forest_north={
	location=4991
	color={
		150 240 15 
	}
	outgoing={
		name="th_trade_node_human_capital"
		path={
			5625 5629 5619 5780 5707 5708 4978 
		}
		control={
			6115.660156 1382.782959 6091.524902 1378.784058 6062.611816 1384.999023 6031.000000 1401.000000 6002.329102 1395.255005 5964.950195 1381.491943 
		}
	}
	outgoing={
		name="th_trade_node_forest_of_magic"
		path={
			5624 5114 5616 5113 5592 5593 5572 5089 5090 
		}
		control={
			6113.000000 1370.000000 6090.917969 1358.944946 6060.437012 1331.390991 6038.000000 1305.000000 6027.784180 1274.897949 6016.451172 1264.302979 
		}
	}
	members={
		4993 5618 5617 5615 5616 5114 5624 4991 5625 5626 5628 5629 5619 5627 5787 5790 5791 5788 5118 5636 5635 5117 5634 5633 5116 5632 5631 5630 5120 5785 5784 5783 5786 5782 5781 5780 5705 5702 5119 5127 5793 4995 
	}
}
th_trade_node_forest_of_magic={
	location=5090
	color={
		60 134 112 
	}
	outgoing={
		name="th_trade_node_misty_lake"
		path={
			5093 5577 5094 5131 5582 5559 5531 5134 5533 5540 5539 5188 
		}
		control={
			5979.000000 1252.000000 5954.161133 1266.478027 5924.416016 1254.322998 5894.149902 1252.359985 5876.595215 1244.584961 5857.625000 1248.222046 5825.799805 1242.107056 5805.610840 1242.855957 5768.500000 1225.517944 5740.803223 1211.637939 5713.920898 1225.610962 
		}
	}
	outgoing={
		name="th_trade_node_human_capital"
		path={
			5093 4977 5700 5121 5703 4978 
		}
		control={
			5997.000000 1272.000000 5986.000000 1300.000000 5979.000000 1328.000000 5972.799805 1350.209961 
		}
	}
	outgoing={
		name="th_trade_node_temple"
		path={
			5093 4977 5700 5586 5095 5140 5721 5141 5739 5740 5746 
		}
		control={
			5988.661133 1260.557007 5977.812012 1284.730957 5962.609863 1296.680054 5937.168945 1313.766968 5920.813965 1318.293945 5904.979004 1337.635010 5896.165039 1348.897949 5870.740234 1374.380005 
		}
	}
	members={
		5588 4976 5095 5589 5586 5584 5094 5579 5580 5578 5576 5577 5522 5092 5575 5093 4977 5594 5700 5592 5593 5572 5089 5585 5570 5571 5090 5574 5573 5506 5567 5566 5087 5569 5587 5562 5133 5132 5563 
	}
}
th_trade_node_misty_lake={
	location=5188
	color={
		31 124 33 
	}
	outgoing={
		name="th_trade_node_misty_lake_south"
		path={
			5542 7056 7150 5464 5469 4968 
		}
		control={
			5695.893066 1197.880981 5707.344238 1178.831055 5732.561035 1156.133057 5753.000000 1137.000000 5772.612793 1129.155029 
		}
	}
	outgoing={
		name="th_trade_node_temple"
		path={
			5187 5538 5556 5557 5137 5742 5737 5736 5006 5746 
		}
		control={
			5715.733887 1236.300049 5747.540039 1259.402954 5775.000000 1286.000000 5801.959961 1306.719971 5838.208008 1341.436035 5842.740234 1355.270020 5840.809082 1378.306030 
		}
	}
	members={
		5546 5543 5188 5544 5187 5538 5536 5539 5540 5015 5542 5537 5541 5533 5534 5535 5135 5531 5134 5532 5560 5561 5558 5557 5016 5556 5900 5899 5901 5138 5904 5139 5905 5906 5195 5918 5359 5191 5548 5545 
	}
}
th_trade_node_temple={
	location=5746
	color={
		210 166 255 
	}
	outgoing={
		name="th_trade_node_human_capital"
		path={
			5741 5723 5715 4978 
		}
		control={
			5869.397949 1385.165039 5915.626953 1382.798950 5922.931152 1367.438965 
		}
	}
	members={
		5147 5724 5145 5723 5741 4987 5740 5736 5737 5719 5142 5743 5137 5748 5749 5136 5750 5742 5751 5753 5752 5754 5143 5747 5006 5014 5746 5144 5744 5146 5745 5755 5770 5769 5149 5768 5897 5192 5898 5896 
	}
}
th_trade_node_human_capital={
	location=4978
	color={
		200 200 30 
	}
	members={
		5128 5701 5704 5703 5706 5122 5123 5124 4979 5707 5727 5731 5728 5126 5729 5733 5730 5351 5708 4978 5712 5713 5714 5121 5716 5140 5129 5722 5721 5717 5718 5720 5141 5130 5715 5711 5125 5709 5734 5735 5732 5726 5725 5710 5739 5738 
	}
	end=yes
}
th_trade_node_misty_lake_south={
	location=4968
	color={
		225 0 101 
	}
	members={
		5073 5074 5466 5071 5459 5462 5463 5072 5469 5464 5465 5468 4968 5467 5461 5460 5451 5452 5078 5450 5445 5076 5444 5443 5442 5431 5433 5432 5441 5427 5428 5038 4996 5458 5455 5453 5426 5425 5424 5423 5421 
	}
	end=yes
}
