#Example: Large parts of Africa and south east Asia
tropical = { 
	# Southwest Africa
	1164 1165 1166 1167 1169 1170 1171 1172 1901
	2948 2949
	798 1168
	# North and West Africa
	1114  1117 1118 1119 1120 1121 1122 1124 1125
	1126 1136 1137 1138 1139 1140 1141 1143 1144 1145 1146 1147
	1149 1150 1151 1152 1153 1154 1155 1160 1161 1162 1163 1249
	# More West Africa
	2238 2242 2248 2250 2252 2254 2256 2258 2266 2278 2280 2286 2290 2292 2294
	2241 2249 2253 2255 2257 2267 2281 2283 2285 2289 2291 2293 2295
	# Africa
	788 1182 1183 1186 1187 1191 1192 1195 1196 1197 1198 1199 1200 1201 1202 4049
	# India
	516 517 526 527 529 530 531 533 534 535 537 539 540 542 543 544 545 546 547 548 549 552 553 561 564 568 570 572 573 574 580
	1946 1947 2026 2028 2029 2030 2033 2034 2036 2037 2038 2039 2041 2043 2048 2049 2050 2057 2080 2081 2083 2084 2089 2090 2091 2092 2099 2100 4407 4408 4409
	4410 4413 4415 4416 4417 4418 4419 4425 4427 4429 4430 4431 4432 4433 4439 4441 4442 4443
	4444 4445 4446 4448 4450 4451 4460 4473 4474 4475 4476 4477 4478
	#China
	660 663 664 666 738 2155 2159 2160 2161 2162 2163 2164 2165 2166
	# Pacific Islands
	1235 1236 1237 1238 1239 1240 1241 1242 1243 1244 1245 1986 1987 1988 1989 1990 1991 1992 1993 1994 1995 1996
	1997 1998 1999 2718 2719 2720 2721 2722 2723 2724 4934 4935 4936 4937 4938
	# Indonesia
	617 618 619 620 621 622 623 624 625 626 627 628 629 630 631 632 633 634 635 636 637 638 639 640 641 642 643 644
	645 646 647 648 649 650 651 652 653 654 655 656 657 658 659
	2371 2372 2373 2374 2375 2376 2377 2378 2379 2380 2381 2382 2383 2384 2385 2386 2387
	2388 2389 2390 2391 2392 2393 2394 2395 2396 2397 2398 2399 2400 2401 2402 2403 2404
	#More Indonesia
	2673 2674 2675 2676 2677 2678 2679 2680 2681 2682 2683 2684 2685 2686 2687 2688 2689 2690 2691 2692
	2693 2695 2696 2697 2698 2699 2700 2701 2702 2703 2704 2705 2706 2707 2708 2709 2710 2711 2712
	2713 2714 2715 2716 2717 2725
	4348 4349 4350 4351 4352 4353 4354 4355 4356 #Philippine additions
	# Parts of Australia
	2728 2729 2730 2731
	# Amazonas and others
	747 748 758 800 803 815 821 822 2811 2815 2816 2823 2830 2832 2833 2888 2889 2890 2900 2901 2902 2903 2904 2905 2906 2923 2929 2930 2931 2933 2934 2935 2943 2944 2926 2928 2945 2854 2878 2882 2883
	2857 2879 2884 2887 #Rio Grande
	759 765 2891 2892 2894 2898 2899 #Minas Gerais
	2907 2908 2909 2910 2911 2919 #Goias
	2881 2893 2920 #Mato Grosso
	766 768 769 2895 2896 2897 #Sao Paolo
	756 757 760 761 2914 2916 #Bahia
	749 752 2886 2924 2925 2927 #Maranhao
	741 742 743 830 831 834 2803 2804 2805 2807 2808 2809 2810 2813 2939 #Venezuela
	828 829 #New Andalucia
	744 745 746 2937 2938 #Guyana
	776 799
	#Central America
	835 836 837 838 839 840 841 842 843
	2635 2636 2637 2638 2640 2649 2653 2660 2661 2662 2663 2664
	2819
	# South East Asia
	582 606 607 608 609 610 611 612 613 614 615 616 1844
	567 579 583 584 585 586 587 588 589 590 591 592 593 594 595 596 597 598 599 4393 4394 4395 4396 4397 4398 4399 4404 4405 4406 581
	600 601 602 603 604 605 1016 1823 1817 1022 1815
	# Wasteland
	1789 1796 1797 1798 1799 1800 1802 1803 2740
	1194 4021 4022 4023 4024 4025 4026 4027 4029 4030 4031 #Madagascar
	4034 4035 4036 4037 4038 4039 4040 4041 4042 4043 4044 #Zambezi & Congo
	4045 4046 4047 4048 4050 4053 4054 4058 4059 4060 4061
	4062 4063 4064 4065 4066 4067 4068 4069 4070 4071 4072
	4074 4075 4076 4077 4078 4079 4080 4081 4082 4083 4084
	4085 4087 4086 4088 4089 4090 4091 4092 4093 4094 4095
	4096 4097 4098 4099 4100 4101 4102 4103 4104 4105 4106
	4107 4108 4109
	#New Spanish Main
	2806 2812 2814 4585 4586 4587 4589 4592 4593 4594 4595 4597 4601 4602 4608 4609 4610 4611 4612 4613 4614 4615 4616 4617
	# New South-East Asia
	4790 4791 4792 4793 4794 4795 4796 4797 4798 4799 4800 4801 4802 4803 4804 4805 4806 4807 4808 4809 4810 4811 4812 4813 4814 4815 4816 4817 
	4818 4819 4820 4821 4822 4823 4824 4825 4826 4827 4828 4829 4830 4831 4832 4833 4834 4835 4836 4837 4838 4839
	4840 4841 4842 4843 4844 4845
	#Gensokyo
	5088 5112 5113 5115 5116 5122 5123 4991 4992
	4997 5096 5097 5099 5114 5117 5590 5591 5592 5596
	5597 5598 5599 5600 5601 5602 5603 5604 5606 5607
	5608 5609 5610 5611 5612 5613 5614 5615 5616 5617
	5622 5623 5624 5625 5627 5630 5631 5632 5633 5634
	5635 5636 5702 
}
arid = { 
	# Persia
	427 432 433 434 435 436 438 447 455 575 576 577 2220 2216 2222 2224 2229 2230 2231 2232 2233 2234 2235 4323 4327 4334 4336 4345

	# Arabia
	391 392 393 403 404 394 383 384 385 386 389 402 380 381 2327 2328 2329 2330 2331 2332 2335 2336 2337 2338 2339 2340 2343 2344 2345 2347
	#New Provinces in Arabia
	395 397 401 405 407 409 2311 2314 2333 2341 2342
	4268 4269 4270 4271 4272 4273 4274 4275
	4277 4278 4283 4284 4285 4287 4288

	# Wasteland
	1779 1793 1794 1795 1786 1790 1791 2200 2334

	# North Africa
	346 347 349 350 351 352 353 354 355 356 357 365 1111 1128 1131 1132 1133 1134 1135 1127 2318 2320 2321 2322 2323 2324 2325 2326 2448 2449 2450 2451 2452 2453 2456 2457 2458 2460 2472 2475 2474
	4567

	#The Sahel
	1112 1113 1115 1116 1123 1129 1130 1142 1148 1156 1157 1158 1159
	2237 2240 2243 2244 2245 2246 2247 2259 2260 2261 2262 2263 2264 2265 2268 2269 2270 2271 2272 2273 2274 2275 2276 2277 2279 2282 2284 2287 2288 2239

	# East Africa
	774 1216 1219 1221 1233 1231 1232  1234 1203 1204 1205 1206 1207 1208 1209 1212 1215 1217 1220  1222 1225
	1226 1228 1229 1230 2024
	2768
	2766 2767 2778 2779 2792 2787 2789 2790
	2764 2765 2932
	2773 2776 2777 2780 2781 2782 2783 2784 2785 2786 2788 2793 2795 2797 2798 2799 2800 2801 2802
	4033

	# Namibia
	1173 1174 1175 1176 1801 2856 2864 2880 4782

	# Central Asia
	437 441 442 444 458 1784 1785 1967 1968 2349 2350 2363

	#Tarim Basin
	707 710 711 712 739 2121 2122 2123 2124 2192 4693

	# India
	503 504 505 506 512 513 514 2088 2064 2066 2068 2072 2078 2079 2086 4502 4503 4504 4505 4506 4507 4508 4509 4513

	# Northern Mexico
	862 863 864 865 866 867 876 877 878 879 880 881 882 1808 1809 2009 889 890 891 885 868 859 860 861

	# North America changes
	875 2476 2478 2491 2492 2493 2494 2495 2497 2498 2500 2616 2618 2620 2666 2667 

	#Australia
	2726 2727 2732

	#Patagonia
	780 781 782 786 2863 2868 2869 2870 2875 2876

	#Southern Pampas
	779 2860 2861 2865 2866

	#Kenya & Tanzania
	1273 1925 4051 4052 4055 4056 4057 4073

	#Madagascar
	1193 4028 4032

	#1.20
	4206 4207 4209 4210

	#New Mesoamerica
	4577 4606 4628 4629 4630 4631 4632 4633 4634 4635 4639 4644 4646 4648 4649 4650

	#New North America
	2496
	#Gensokyo
	5008 5011 5013 5278 5279 5286 5288 5289 5292 5293
	5294 5295 5296 5297 5298 5299 5300 6546 6547 6549
	6550 6551 6552 6553 6554 6555 6556 6557 6558 6559
	6560 6561 6562 6563 6564 6565 6566 6567 6568 6578
	6596 6598 6599 6600 6601 6602 6603 6604 6605 6606
	6607 6608 6609 6610 6611 6612 6613 6614 6615 6616
	6622 6623 6624 6625 6669 6670 6671 6672 6673 6674
	6675 6676 6677 6678 6679 6680 6681 6683 6684 6685
	6686 6687 6688 6689 6690 6691 6692 6693 6694 6695
	6696 6697 6698 6699 
}
arctic = { 
	# Siberia
	1034 1035 1036 1037 1038 1039 1040 1041 1042 1043 1044 1045 1046 1047 1051 1052 1054 1055 1059 1061 1062 1064 1067 1068 1069
	1070 1071 1072 1073 1074 1075 1076 1077 1078 1080 1963 1964 1033 2427 2425 2426 1780 2445 2428 2429 2433 2430 2432 2443
	2431 2436 2442 2437 2435 2446 2438 2439 2440
	4658 4691

	# North America
	977 978 979
	996 997 998 999 1004 1005 1006 1009
	2591 2594 2592 2577 2576 2578 2575 2574 2593 2611 2612 2613

	#Tibet & Manchuria
	676 705 706 1048 2102 2103 2128 2134 4204 4205
	4514 4515 4516 4518 4519 4520

	# Wasteland
	1781 1782 1783  1787 1804 1805 1806 1807 1810 1811 1812 1814

	# The Cold North
	370 371 1104 1105 21 18 1777 1776 315 1955 313 4113 4114 4151 4152 4256 4257 4258

	# South Georgia
	2025
	#Gensokyo
	5022 5024 6009 6011 6012 6013 6014 6030 
}
#Example: Most of Europe north of med.
mild_winter = { 
	# Scandinavia
  	6 12 13 14 15 26 1981 1982 1983 1984 4141 4142 4149 4165
	# German North Sea Coast
	44 54 55 1775 1931 1874
	# The Low Countries
	87 88 89 90 91 92 93 94 95 96 97 98 99 100 1742 1743 1744 1866 1865 1878 2973 2974 2975 4381 4382 4383 4769 4770
	# North and West of France
 	167 168 169 170 171 172 173 174 175 176 177 178 179 180 181 182 183 184 185 186 187 188 189 190 191 192 193 194 195 196 4764 4766
	198 199 203 204
	4384 4385 4386 4387 4388 4389 4390 4391 4392
	4694 4697 # France 1.30
	# North Coast of Spain
	206 207 209 1745 4554
	# Northern Italy
	103 104 107 108 111 1769 1862 1875 2979 2981 4727 4728 4739 4740 
	# England
	233 234 235 236 237 238 239 240 241 242 243 244 245 1860 1861 4130
	4366 4367 4368 4369 4370 4371 4372 4373 4374 4375 4376 4785
	# Border with the Med
	128 139 140 141 150 152 1765 1766 2746 4176 4239
	# Black sea coast
	159 268 282 284 285 286 287 1764 2405 2406 2410 2411 2412 2413 2414 2447 4529 4530
	#Anatolia & Iraq
	322 323 324 326 332 411 1846 1848 2301 2308 2209 4289 4298 4292 4308 4311 4312 4313 4315
	# Central Iran
	415 418 419 420 421 425 427 429 435 446 447 739 577 2222 4329 4330 4331 4335
	2235 4210 4324
	# Border of Steppe
	437 438 439 440 441 442 443 454 455 457 456 464 2349 2356 2362 2363 2370 2416 2417 2350
	# Greater China region
	678 689 693 695 696 697 698 699 700 701 703 704 708 709 713 715 726 1816 1850 2106 2112 2115 2120 2131 2132 2133 2135 2136 2138
	2169 2170 2177 2179 2180 2181 2182 2183 2184
	# Hilly bits of Northern India
	508 2069
	# Wintery bits of the west coast
	871 872 2482
	# West coast of Japan
	885 891 892 896 899 918 934 935 936 937 939 940 948 941 950 1018
	1826 1830 1831
	4183 4184 4185 4189 4191
	1019 1020 1021 1027 1028 1029 1030 1825 1832 1835 1839 1843 4359 4360
	# Wasteland
	1808 1786
	#
	1774 129 131 1828 1827 1974 1973 1970 1969 1879 1877 3000
	# Persian Additions
	2195 2199 2202 2205 2208 2214 2216 2217 2218 2224 2229 2230 2232 2236 4171
	# North America changes
	894 897 952 873 874 938 972 973 2496
	2509 2514 2515 2520 2523 2524 2525 2526 2527
	2544 2545 2546 2547 2548
	#China
	690 691 692 694 2113 2137 2139 2178
	3001 3002
	4111 4112
	4194 4195 4198 4206 4207 4208 4211 4223
	2741 2745 4227 4228 #Korea


	#South America
	780 781 794 795 797 804 807 2829 2831 2836 2837 2838 2844 2861 2863 2865 2867 2940 2942 2946 2947
	#South Africa
	1180 4783
	#New Zeeland & Australia
	1109 1185 1246 2734

	# 1.29 Manchuria
	4652

	# 1.30
	4703 4704 4719 4750 4751 4752 4753 4754 4755 4756 4757 4776 4777
	#New North America
	4877 4878 4879 4886 4887 4888 4908 4913 4914 4921 4923
	#Gensokyo
	5240 5046 5244 5233 5047 5246 5245 5049 5256 5275
	5273 5278 5007 5282 5010 5009 5189 5071 5134 4974
	5084 5083 5095 4977 5121 5129 5140 5123 5075 5076
	5078 4996 5080 4988 5064 4956 5058 5057 5041 5061
	5038 5062 5042 5065 5081 4975 5082 5122 5113 5112
	5115 5116 4981 5089 5093 5090 5088 5091 5255 5092
	5087 5291 5290 5287 5288 5289 1201 4989 5040 5066
	5067 5068 5069 5070 5366 5367 5368 5369 5370 5371
	5373 5374 5375 5376 5377 5378 5421 5422 5423 5424
	5425 5426 5427 5428 5429 5431 5432 5433 5441 5442
	5443 5444 5445 5449 5450 5451 5452 5453 5454 5455
	5456 5457 5458 5459 5460 5461 5475 5477 5479 5480
	5481 5482 5483 5484 5485 5486 5487 5488 5489 5490
	5491 5492 5493 5494 5495 5496 5497 5498 5499 5500
	5501 5502 5503 5504 5505 5507 5508 5509 5510 4958
	4959 4961 4962 4965 4967 4969 4978 4979 4980 4982
	4983 4984 4985 4986 4990 4991 4992 4993 4995 4997
	4998 4999 5004 5015 5017 5085 5086 5096 5097 5099
	5101 5102 5103 5104 5105 5108 5110 5111 5114 5117
	5118 5120 5124 5125 5127 5141 5152 5153 5154 5155
	5159 5187 5188 5190 5216 5217 5218 5220 5222 5224
	5225 5226 5227 5231 5232 5234 5239 5258 5259 5260
	5261 5262 5263 5265 5268 5269 5270 5271 5272 5280
	5281 5283 5284 5292 5293 5353 5356 5379 5380 5381
	5383 5385 5386 5387 5388 5389 5390 5391 5392 5401
	5405 5406 5408 5409 5414 5415 5416 5417 5418 5419
	5470 5471 5472 5473 5474 5476 5506 5511 5512 5513
	5514 5515 5516 5517 5518 5519 5520 5521 5523 5524
	5526 5527 5528 5529 5530 5531 5532 5533 5534 5536
	5537 5538 5539 5540 5542 5543 5544 5545 5546 5547
	5549 5550 5551 5552 5553 5554 5556 5559 5564 5565
	5566 5567 5569 5570 5571 5572 5573 5574 5575 5577
	5581 5584 5585 5586 5587 5590 5591 5592 5593 5594
	5595 5596 5597 5598 5599 5600 5601 5602 5603 5604
	5605 5606 5607 5608 5609 5610 5611 5612 5613 5614
	5615 5616 5617 5618 5619 5622 5623 5624 5625 5626
	5627 5628 5629 5630 5631 5632 5633 5634 5635 5636
	5637 5640 5645 5646 5647 5648 5649 5650 5651 5652
	5653 5654 5655 5656 5657 5658 5659 5660 5661 5662
	5663 5664 5665 5666 5667 5668 5669 5670 5675 5676
	5677 5678 5679 5680 5681 5682 5683 5684 5685 5686
	5688 5690 5691 5692 5693 5694 5695 5696 5697 5698
	5699 5700 5701 5702 5703 5704 5705 5706 5707 5708
	5712 5713 5714 5715 5716 5721 5722 5727 5780 5781
	5782 5783 5784 5785 5786 5787 5788 5789 5790 5791
	5792 5793 5795 5804 5805 5806 5807 5808 5809 5810
	5811 5812 5813 5814 5815 5816 5817 5818 5819 5820
	5821 5822 5823 5824 5825 5826 5827 5832 5833 5834
	5835 5847 5848 6110 6111 6112 6113 6114 6115 6116
	6117 6118 6119 6120 6121 6122 6123 6124 6125 6126
	6127 6128 6129 6130 6131 6132 6133 6135 6138 6139
	6151 6156 6161 6162 6163 6164 6165 6167 6172 6174
	6175 6176 6177 6178 6179 6180 6181 6182 6183 6188
	6189 6190 6191 6263 6264 6267 6268 6270 6293 6294
	6295 6296 6297 6298 6299 6300 6301 6302 6303 6304
	6305 6313 6314 6324 6325 6326 6327 6328 6329 6330
	6331 6332 6333 6334 6336 6344 6345 6346 6358 6366
	6367 6368 6369 6370 6371 6372 6373 6374 6375 6376
	6377 6378 6379 6380 6381 6382 6383 6389 6390 6391
	6392 6393 6394 6401 6406 6407 6408 6410 6413 6414
	6415 6416 6419 6420 6421 6422 6423 6424 6425 6426
	6427 6428 6429 6430 6431 6432 6433 6434 6435 6436
	6437 6438 6439 6440 6441 6442 6443 6444 6445 6446
	6447 6448 6449 6450 6451 6452 6453 6455 6456 6457
	6458 6459 6460 6461 6462 6463 6465 6466 6467 6468
	6469 6470 6471 6472 6473 6474 6475 6476 6477 6478
	6479 6480 6481 6482 6483 6484 6485 6486 6487 6488
	6489 6490 6491 6492 6493 6497 6498 6499 6500 6506
	6511 6533 6534 6536 6549 6570 6571 6572 6574 6575
	6578 6590 6591 6592 6593 6594 6595 6596 6597 6598
	6600 6601 6602 6619 6620 6623 6626 6627 6628 6629
	6630 6631 6632 6633 6634 6635 6636 6638 6639 6640
	6642 6643 6644 6645 6646 6647 6648 6649 6650 6651
	6652 6653 6654 6655 6656 6657 6658 6659 6660 6661
	6662 6663 6664 6665 6666 6667 6668 6669 
}
#Example: Inland Europe & Scandinavia
normal_winter = { 
	# Scandinavia
	1 2 3 4 5 7 8 9 16 17 22 23 24 25 27 28 29 34 35 36 37 38 39 1930 1985 4123 4143 4144 4145 4163 4164 4166
	# The Baltic Coast
	40 41 42 43 45 46 47 48 767 770 771 2993 2994 2995 2996
	# Inland Germany
	49 50 51 52 53 56 57 58 59 60 61 62 63 64 65 66 67 68 69 70 71 72 74 75 77 78 79 80 81 82 83 84 85 86 1757 1758 1759 1760
	1761 1762 1763 1858 1857 1859 1876 1880 2955 2956 2957 2958 2959 2960 2961 2962 2963 2964 2965 2966 2967 2968 2970 2969 2971 2972 2991
	4707 4708 4709 4711 4712 4713 4714 4715 4716 4717 4718 1872 1868 4741 4742 4743 4744 4745 4746 4747 4748 4749 4771 4772 4773 4774 4775 4786
	# Austria and the Balkans
	133 134 135 153 154 155 156 157 158 160 161 162 1756 1767 1770 1772 1863 1864 2998 1318 4125 4126 4127 4128
	4173 4155 4236 4240 4760 4761 4762

	# Scotland
	246 247 248 249 250 251 252 253
	# Poland and Lithunania
	254 255 256 257 258 259 260 261 262 263 264 265 266 267 269 270 271 272 273 274 275 276 277 278 279 280 281 283 288 289 290 2424
	291 292 1771 2407 2997 4115 4237 4238

	4241 4242 4244 4246 4247 4361 4362 4363 4364 4365

	4523 4524 4525 4526 4527 4528 4531 4532 4533 4534 4535 4536 4537 4538 4539 4540 4541 4542 4543 4544 4545
	# Britain
	372 373 374 375 376 4118 4119 4120 4121 4377 4378 4379 4380
	# The not quite so cold parts of the Steppe
	465 466 467 468 469 470 471 472 473 474 475 476 477 478 479 480 2359 2364 2409 2441 2444
	# Mountains in Afghanistan
	444 445 450 453 578 4325 4326 4343 4344
	#Mongolia
	459 461 702 705 714 720 722 723 725 728 730 1050 2108 2109 2110 2111 2114 2117 2118 2119 2125 2126 2187 2188 2190 2191 2747 2134 2193
	# Siberia
	676 1033 1056 1057 1060 1063 1065 2128 2129 2434 4204 4522 4684 4685 4686 4687 4692
	# Cold bits of the west coast
	889 890 898 902 905 915 943 946 947 949 951 954 955 956 957 958 959 960 961 962 963
	964 965 966 967 968 969 970 982 983 984 985 989
	#
	1954 1951 1952 1953 1940 1939 1841 1938 1935 1936 1937 1842 1834 1960 1941 1942 1943 1944 1945 1965 1966 1967 1968
	1971 953 2011 2023 2010 2013
	# Persian Additions
	449 2196 2197 2204 2211 2215 2221 2227 2228 4177
	413 428 2210 2213 4294 4295 4299 4303 4305 4310 4314
	4337 4342
	# Eastern Anatolia & Iran
	2305 4170 4178
	# Central Anatolia
	329 2300 2303
	# Modified NA
	900 916 917 942 944 987 993 2584 2585 2670
	2513 2519 2549 2550 2551 2552 2553 2554 2555 2556 2557 2558 2560 2561 2562 2566 2568 2569 2570
	2484 2485
	2365 2367 2366 2369 2357 2354 2360 2355 2368 2361 2358 2352 2351 2353 2639
	4110 
	1023 1024 1025 1026 1837 4188 4192 #Japan
	#1.20
	4200 4201 4202 4203 4221
	732 733 734 735 736 737 1013 1845 2694 2742 2744 4229 4230 4231 #Korea
	#South America
	782 783 1095 2847 2869 2870 2872 2873 2874 2877
	2875 2876 785 791 2843 2845 2871
	#Tibet
	4514 4515 4516 4518 4519 4520
	# 1.29 Manchuria
	4655 4656 4658 4654 4661 4653 4657 4674
	4669 4671 4673 4677 4678 4680 4682 4683 4675 4672 4670 4676
	# 1.30
	4706 4720 4725 4724 4726 4723 4765 4767 4768 4778
	#New North America
	4872 4874 4875 4876 4889 4890 4891 4892 4893 4896 4900 4903 4904 4905 4906 4907 4912 4922 4927 4928 4929 4930 4933
	#Gensokyo
	5219 5221 5035 5201 5228 5257 5050 5012 5191 5016
	5137 4987 5006 5144 5145 5126 5119 4966 5045 5235
	5236 5044 5237 5238 5242 5241 5048 5243 5107 5130
	5079 5077 5037 5063 4955 5059 5060 5351 5340 5348
	5361 5362 5363 5364 5365 5372 5399 5430 5434 5435
	5436 5437 5438 5439 5440 5446 5447 5448 5478 5398
	5400 5402 5403 4957 4960 4976 5002 5003 5014 5026
	5039 5094 5098 5100 5106 5109 5128 5131 5132 5133
	5135 5136 5138 5139 5142 5143 5146 5147 5148 5149
	5150 5156 5158 5192 5195 5197 5198 5200 5248 5249
	5250 5251 5252 5253 5254 5285 5339 5341 5342 5344
	5349 5350 5354 5355 5359 5360 5522 5535 5548 5555
	5557 5558 5560 5561 5562 5563 5568 5576 5578 5579
	5580 5582 5583 5588 5589 5638 5639 5641 5642 5643
	5644 5671 5672 5673 5674 5687 5689 5709 5710 5711
	5717 5718 5719 5720 5723 5724 5725 5726 5728 5729
	5730 5731 5732 5733 5734 5735 5736 5737 5738 5739
	5740 5741 5742 5743 5744 5745 5746 5747 5748 5749
	5750 5751 5752 5753 5754 5755 5756 5757 5758 5759
	5760 5761 5766 5767 5768 5769 5770 5778 5779 5794
	5796 5797 5798 5799 5800 5801 5802 5803 5828 5830
	5831 5884 5890 5893 5896 5897 5898 5899 5900 5901
	5902 5903 5904 5905 5906 5911 5912 5913 5914 5915
	5918 5926 5927 5930 5931 5939 5940 5943 5946 5947
	5948 6102 6108 6109 6134 6136 6137 6140 6141 6142
	6143 6146 6147 6148 6152 6153 6154 6166 6168 6169
	6170 6171 6173 6184 6185 6195 6201 6202 6203 6204
	6205 6206 6207 6208 6209 6210 6211 6269 6271 6272
	6273 6274 6275 6276 6277 6278 6279 6280 6281 6282
	6283 6284 6285 6286 6287 6288 6289 6290 6291 6292
	6306 6307 6308 6309 6310 6311 6312 6315 6316 6317
	6318 6319 6320 6321 6322 6323 6335 6337 6338 6339
	6340 6341 6342 6343 6347 6348 6349 6350 6351 6352
	6353 6354 6355 6357 6359 6360 6362 6384 6385 6386
	6387 6388 6402 6403 6404 6405 6409 6418 6454 6464
	6569 6573 6576 6577 6579 6580 6581 6582 6583 6584
	6585 6586 6587 6588 6589 6637 6641 6399 6400 6411
	6412 6535 
}
#Example: Russia & Lappland
severe_winter = { 
	# Scandinavia
	10 11 18 19 20 21 30 31 32 33 2752 4113 4114 4122 4124 4129 4146 4151 4152 1978 1979
	# The Alps
	73 110 165 166 205 1768 1867 1869 1870 1871 1873 4710 132 4759 4758 76
	# The Pyraneese
	210 211 212 2987
	# Mother Russia
	293 294 295 296 297 298 299 300 301 302 303 304 305 306	307 308 309 310 311 312 313 314 315 1752 1753 1754 1755 1776 1777 1778 2408 2102 2103 1048 2420 2415 2749 4116 4117 4147 4148
	4243 4245 4248 4249 4250 4251 4252 4253 4254 4255 4256 4257 4258 4259 4260 4261 4262 4263 4264 4265 4266 4267
	# The Cold North
	369 370 371 1104 1105
	# Hindukush & Afghanistan
	448 451 452 458
	# India
	554 557 565 1788 2070 2073 2074 2071 4481 4482
	# Siberia
	1034 1035 1036 1037 1038 1039 1040 1041 1042 1043 1044 1045 1046 1047 1051 1052 1054 1055 1059 1061 1062 1064 1067 1068 1069
	1070 1071 1072 1073 1074 1075 1076 1077 1078 1079 1080 1081 1082 1083 2418 2419 2421 2422 2423 2425 1780 2426 2427
	2428 2429 2433 2445 2432 2443 2430 2431 2436 2437 2442 2435 2446 2438 2439 2440
	4688 4689 4690 4691
	# The Caucasus
	422 423 462 463 1856 2207 4156
	# Manchuria & Mongolia & Xinjiang
	460 716 717 718 719 721 724 727 729 731 1049 1066 1053 1058 2104 2105 2107 2116 2127 2185 2186 2189
	# Tibet
	677 2130
	4517 4521
	# Alaska
	974 975 976 977 978 979 1809 901 903 904 906 907 908 909 910 911 912 945 988 990
	991 992 986 994 995 996 997 998 999 1000 1001 1002 1003 1004 1005 1006 1007 1008 1009 1010 1011
	# Wasteland
	1781 1782 1783 1785 1804 1805 1806 1807 1810 1811 1812 1813 1814 1784 1787 2194 4153
	4154 4157 4159 4160 4161 4162 4763
	#
	1961 1959 1957 1956 1958 1955 1964 1962 1963 1972
	2003 2004 2005 2006 2007 2008 2018 2017 2015 2016 2022
	# Persian Additions
	331 414 416 424 2206 2212 2306 2307 4293 4296 4300 4301 4302 4304
	2198 2200 2201 2203 2225 2226 4172 4179 4306 4338
	# North America additions
	913 914 971 980 981
	2009 2012 2019 2020 2483 2486 2487 2488 2501 2502 2503 2504 2505 2506 2507 2508 2510 2511 2512 2517 2518 2521 2522 2559 2563
	2564 2565 2567 2571 2572 2573 2574 2575 2576 2577 2578 2579 2580 2581 2582 2583 2586 2587 2588 2589 2590 2591 2489 2490
	2592 2593 2594 2595 2596 2597 2598 2599 2600 2601 2602 2603 2604 2605 2606 2607 2608 2609 2610 2611 2612 2613 2625 2671 2672
	#1.20
	4205 4214 4215 4216 4217 4218 4219 4220 4222
	2743 4232 #Korea
	1031 1032 1847 1852 4131 4193 #Northern Japan
	# South Georgia
	2025
	# 1.29 Manchuria
	4662 4668 4659 4660 4663 4666 4667 4679 4681 4664 4665
	# 1.30
	4721 4722
	# New North America
	4871 4873 4894 4895 4897 4898 4899 4901 4902 4915 4916 4917 4918 4919 4920 4924 4925 4926
	#Gensokyo
	2022 5199 5196 4963 5194 4964 4972 5193 4973 4971
	4970 5027 5168 5223 5215 5024 5205 5020 5204 5206
	5022 5214 5213 5018 5023 5208 5019 5203 5183 5185
	5186 5021 5184 5182 5181 5180 5179 5166 5167 5165
	5164 5034 5163 5162 5033 5001 5161 5160 5230 5229
	5178 5151 5174 5157 5176 5175 5173 5172 5025 5170
	5028 5169 5171 5029 5202 5207 5209 5210 5211 5212
	5043 5031 5306 5000 5307 5036 5308 5309 5052 5310
	5030 5313 5032 5311 5312 5314 5315 5316 5317 5318
	5319 5320 5321 5322 5323 5324 5325 5326 5327 5328
	5329 5330 5331 5332 5333 5334 5335 5336 5337 5338
	5357 5358 5343 5352 5345 5346 5347 5177 5247 5274
	5621 5762 5763 5764 5765 5771 5772 5773 5774 5775
	5776 5777 5836 5837 5838 5839 5840 5841 5842 5843
	5844 5845 5846 5849 5850 5851 5852 5853 5854 5855
	5856 5857 5858 5859 5860 5861 5862 5863 5864 5865
	5866 5867 5868 5869 5870 5871 5872 5873 5874 5875
	5876 5877 5878 5879 5880 5881 5885 5886 5887 5888
	5889 5891 5892 5894 5895 5907 5908 5909 5910 5916
	5917 5919 5920 5921 5922 5923 5924 5925 5928 5929
	5932 5933 5934 5935 5936 5937 5938 5941 5942 5944
	5945 5949 5950 5951 5952 5953 5954 5955 5956 5957
	5958 5959 5960 5961 5962 5963 5964 5965 5966 5967
	5968 5969 5970 5971 5972 5973 5974 5975 5976 5977
	5978 5979 5980 5981 5982 5983 5984 5985 5986 5987
	5988 5989 5990 5991 5992 5993 5994 5995 5996 6006
	6007 6008 6009 6010 6011 6012 6013 6014 6015 6016
	6017 6018 6019 6020 6021 6022 6023 6024 6025 6026
	6027 6028 6029 6030 6031 6032 6033 6034 6035 6036
	6037 6038 6039 6040 6041 6042 6043 6044 6045 6046
	6047 6048 6049 6050 6051 6052 6053 6054 6055 6056
	6057 6058 6059 6060 6061 6062 6063 6064 6065 6066
	6067 6068 6069 6070 6071 6072 6073 6074 6075 6076
	6077 6078 6079 6080 6081 6082 6083 6084 6085 6086
	6087 6088 6089 6090 6091 6092 6093 6094 6095 6096
	6097 6098 6099 6100 6101 6103 6104 6105 6106 6107
	6144 6145 6149 6150 6155 6157 6158 6159 6160 6186
	6187 6192 6193 6194 6196 6197 6198 6199 6200 6212
	6213 6214 6215 6216 6217 6218 6219 6220 6221 6222
	6223 6224 6225 6226 6227 6228 6229 6230 6231 6232
	6233 6234 6235 6236 6237 6238 6239 6240 6241 6242
	6243 6244 6245 6246 6247 6248 6249 6250 6251 6252
	6253 6254 6255 6256 6257 6258 6259 6260 6261 6262
	6265 6266 6356 6361 6363 6364 6365 6417 6700 6701
	6702 6703 6704 6705 6706 6707 6708 6709 6710 6711
	6712 6713 6714 6715 6716 6717 6718 6719 6720 6721
	6722 6723 6724 6725 6726 6727 6728 6729 6730 6731
	6732 6733 6734 6735 6736 6737 6738 6739 6740 6741
	6742 6743 6744 6745 6746 6747 6748 6749 6750 6751
	6752 6753 6754 6755 6756 6757 6758 6759 6760 6761
	6762 6763 6764 6765 6766 6767 6768 6769 6770 6771
	6772 6773 6774 6775 6776 6777 6778 6779 6780 6781
	6782 6783 6784 6785 6786 6787 6788 6789 6790 6791
	6792 6793 6794 6795 6796 6797 6798 6799 6800 6801
	6802 6803 6804 6805 6806 6807 6808 6809 6810 6811
	6812 6813 6814 6815 6816 6817 6818 6819 6820 6821
	6822 6823 6824 6825 6826 6827 6828 6829 6830 6831
	6832 6833 6834 6835 6836 6837 6838 6839 6840 6841
	6842 6843 6844 6845 6846 6847 6848 6849 6850 6851
	6852 6853 6854 6855 6856 6857 6858 6859 6860 6861
	6862 6863 6864 6865 6866 6867 6868 6869 6870 6871
	6872 6873 6874 6875 6876 6877 6878 6879 6880 6881
	6882 6883 6884 6885 6886 6887 6888 6889 6890 6891
	6892 6893 6894 6895 6896 6897 6898 6899 6900 6901
	6902 6903 6904 6905 6906 6907 6908 6909 6910 6911
	6912 6913 6914 6915 6916 6917 6918 6919 6920 6921
	6922 6923 6924 6925 6926 6927 6928 6929 6930 6931
	6932 6933 6934 6935 6936 6937 6938 6939 6940 6941
	6942 6943 6944 6945 6946 6947 6948 6949 6950 6951
	6952 6953 6954 6955 6956 6957 6958 6959 6960 6961
	6962 6963 6964 6965 6966 6967 6968 6969 6970 6971
	6972 6973 6974 6975 6976 6977 6978 6979 6980 6981
	6982 6983 6984 6985 6986 6987 6988 6989 6990 6991
	6992 6993 6994 6995 6996 6997 6998 6999 7000 7001
	7002 7003 7004 7005 7006 7007 7008 7009 7010 7011
	7012 7013 7014 7015 7016 7017 7018 7019 7020 7021
	7022 7023 7024 7025 7026 7027 7028 7029 7030 7031
	7032 7033 7034 7035 7036 7037 7038 7039 7040 7041
	7042 7043 7044 7045 7046 7047 7048 7049 7050 7051
	7052 7053 
}
impassable = { 
	2426 1173 1779 1781 1782 1783 1784 1785 1786 1787
	1788 1789 1790 1791 1793 1794 1795 1796 1797 1798
	1799 1801 1802 1803 1804 1805 1806 1807 1808 1810
	1811 1812 1814 1950 2194 2200 2251 2334 2608 2740
	2425 2936 3415 3416 3417 3418 3419 3590 3591 3592
	3593 3594 3595 3596 3597 3598 3599 3620 3621 3622
	3623 3624 3625 3626 3427 3628 3629 3630 3631 3632
	3633 3634 3635 3636 3437 3638 3639 4146 4153 4154
	4155 4156 4157 4159 4160 4161 4162 4167 4168 4169
	4170 4172 4177 4178 4179 4276 4321 4322 4328 4400
	4401 4402 4403 4522 2129 4569 4763 4657 4807 4808
	4843 4844 4924 4925 4926 4927 4928 4929 4930 4931
	4932 4933 5339 5340 5341 5342 5343 5344 5345 5346
	5347 5348 5349 5350 5352 6453 6454 6461 6617 6618
	6619 6620 6621 6734 6735 6753 6754 6755 6756 6757
	6758 6759 6760 6761 6762 6763 6764 6765 6766 6767
	6768 6769 6771 6772 6773 6774 6775 6776 6777 6778
	6779 6780 6781 
}
mild_monsoon = { 
	
	2026 4415 4416 # Tanjore
	4408 4407 2100 4409  # Lanka
	538 2085 4414 # Kongu
	539 540 1947 2027 4417  # South Carnatic
	2083 4418 4419 4420 # North Carnatic
	533 2031 4421 4422 4426 # Mysore
	541 1949 2090 4423 4424 # Rayalaseema
	532 2033 4428  # Raichur Doab
	542 2037 4436 4439 # Golconda
	569 1948 2035 4435 # Maidan
	544 545 4432 4433 4437 # Ahmednegar
	515 521 2052 4454 4455 # Saurashtra
	527 4434 4453 # Khandesh
	510 2065 4411 4463 # Sirhind
	507 2075 2076 4510 4513 # Lahore
	518 2058 2087 4501 4462 # Mewar
	586 4399 # Lower Burma
	4394 4396 585 4395 # Central Burma
	2398 580 4393 2397 # Chindwin
	583 588 2400 4397 4406 # Shan Hills
	587 2401 4398 # Karenni
	600 603 2388 2389 # Central Thailand
	601 602 1817 589 # Northern Thailand
	617 2673 # Aceh
	609 2378 # Cambodia
	605 2376 # Mekong
	652 653 4354 # West Mindinao
	1025 1026 4131 4192 # Tohoku
	1014 1818 4182 4651 # Kyushu
	1017 1019 1825 4184 # Sanyodo
	1845 # Pyongyan
	671 2174 # Hunan
	682 2172 4197 # Hubei
	686 2146 2147 # south Anhui
	685 1821 1822 2145 # South Jiangsu
	1113 1116 # Jolof
	1120 1121 1124 2248 # Manding
	1123 2249 2250 # Massina
	1134 # Jenne
	1135 1136 1137 2265 2266 # Lower Volta
	1150 1154 2278 2293 # Zazzau
	1148 1149 2279 # Katsina
	1155 2280 2281 # Kano
	1142 2270 # Dendi
	2245 # Wagadu
	1157 1160 2282 2283 2284 # Bornu
	1158 1159 2286 2287 2288 # Kanem
	1168 4080 # Kongolese Coast
	1098 1167 1171 1172  # Angola
	2948 4082 4084 # Matamba
	4083 4087 4091 4092 4093 # Kasai
	4094 4095 4107 # Chokwe
	4104 4106 4108 # Zambia
	4097 4099 4105 4109 # Luba
	4070 4071 4072 4076 4077 # Buha
	4055 4056 4057 4058 4073 # Tanzania
	4059 4061 4063 # Buzinza
	4028 4030 # Antemoro
	1200 1202 1203 # Mombasa
	4034 4035 4048 # Makuana
	4036 4037 4043 4042 # Ruvuma
	4038 4039 4040 # Shire
	2909 2910 2911 # Pontal
	758 2906 2907 2908 2919 # Goias
	765 2894 2899 # Minas Gerais
	766 769 2896 # Sao Paolo
	768 2895 2897 # Guayra
	2900 2901 2902 # Guapore
	2893 2920 # Ofaie
	2888 2904 2905 # Mato Grosso
	2928 # Grao Para
	749 2927 # Maranhao
	2857 2879 2884 # Rio Grande do Sol
	2730 2731 # Northern Australia
	4844 4841 4842 4835 4834 4831 4832 4833 4830 4829 4827 4828
	#Gensokyo
	5239 5238 5237 5044 5221 4965 5218 5026 5035
	5201 5223 5223 5232 5016 5355 4974 4976 4977 4978
	4979 4983 4984 4986 4990 4993 4996 5005 5015 5017
	5038 5046 5053 5071 5075 5076 5078 5081 5083 5084
	5092 5093 5094 5095 5113 5121 5122 5123 5124 5125
	5129 5131 5132 5133 5134 5135 5136 5137 5138 5139
	5140 5141 5142 5187 5188 5189 5190 5191 5240 5246
	5258 5265 5266 5267 5270 5271 5272 5277 5284 5285
	5342 5359 5418 5420 5421 5423 5424 5425 5426 5427
	5428 5429 5431 5432 5433 5441 5442 5443 5444 5445
	5449 5450 5452 5453 5455 5458 5459 5461 5471 5472
	5522 5523 5524 5526 5527 5528 5529 5530 5531 5532
	5533 5534 5535 5536 5537 5538 5539 5540 5541 5542
	5543 5544 5545 5546 5547 5548 5549 5550 5551 5552
	5553 5554 5555 5556 5557 5558 5559 5560 5561 5562
	5563 5576 5577 5578 5579 5580 5581 5582 5583 5584
	5585 5586 5587 5588 5589 5592 5593 5594 5615 5616
	5617 5618 5619 5700 5701 5702 5703 5704 5705 5706
	5707 5708 5712 5713 5714 5715 5716 5717 5718 5719
	5720 5721 5722 5737 5738 5739 5742 5743 5748 5749
	5750 5899 5900 5901 5903 5904 5905 5918 5927 6285
	6286 6287 6288 6289 6290 6291 6292 6293 6294 6295
	6296 6297 6298 6299 6300 6301 6302 6303 6304 6305
	6306 6330 6372 6373 6375 6376 6396 6397 6398 6419
	6420 6421 6430 6431 6432 6433 6434 6435 6436 6437
	6438 6439 6450 6451 6452 6476 6477 6478 6479 6480
	6482 6483 6484 6485 6486 6488 6489 6490 6504 6505
	6509 6510 6511 6512 6516 6517 6518 6519 6520 6521
	6522 6523 6524 6525 6526 6527 6528 6529 6530 6531
	6532 6542 6589 6637 6638 6640 6641 6642 6643 6644
	6647 6648 6649 6650 6652 6653 6654 6655 6656 6659
	6109 6108 6102 6146 6148 6184 6166
}
normal_monsoon = { 
	534 535 537 4410 4413 # Malabar
	543 549 2084 2080 4425 # Andhra
	1946 2034 4431 # Desh
	2028 4438 4444 # Telingana
	552 2038 2043 2049 4441 # Orissa
	560 2096 4450 4470 4471 # Jharkhand
	516 2051 2054 4512 4457 # Ahmedabad
	2053 4456 4480 # Patan
	526 2056 2057 2093 4461 # Malwa
	519 520 2064 4500 # Jaipur
	525 528 740 4464 4465 # Gird
	558 4469 4472 4489 # Bihar
	2047 4484 4487 4488 # Mithila
	555 2055 2095 4490 # Purvanchal
	523 2094 4494 4495 4497 # Oudh
	524 556 2063 4496 # Lower Doab
	2061 4498 4499 # Katehar
	522 2060 2062 # Upper Doab
	4449 508 # Kashmir
	572 2099 # South Lanka
	582 2395 2396 4404 4405 # Kachin
	595 596 2392 # Malacca
	620 659 2675 2676 2677 # Riau
	618 619 2674 # Batak
	2685 # Gayo
	604 1823 2379 # Cambodia
	2377 2380 # Mekong
	606 607 1022 2374 2375 # Champa
	608 611 614 2382 # South Laos
	615 1844 2371 2381 # Noth Laos
	613 616 2372 # Song Hong
	610 1016 2373 # Tonkin
	638 2709 2710 2711 2712 # Kutai
	627 628 2691 2692 # East Java
	630 2688 # West Java
	631 632 2693 # Lesser Sunda Isles
	643 644 2713 2714 # North Sulawesi
	633 635 2695 # Timor
	645 2696 2717 2725 # Molucca
	648 649 650 # Spice Islands
	654 2700 4351 4352 4353 # Visayas
	2701 2702 4355 # Mindinao
	651 655 4356 # Palawan
	657 658 2698 4348 # North Luzon
	656 2697 2699 4349 4350 # South Luzon
	1237 2719 2720 2721 2722 # Papua
	1012 1015 4180 4181 # Southern Kyushu
	1819 1820 4186 # Shikoku
	1029 1839 4188 4360 # Eastern Chubu
	1030 1835 4359 # Western Chubu
	1020 1021 1832 4187 # Kinai
	1018 1830 4183 4185  # Sanindo
	1023 1024 1837 # Hokuriku
	1028 1843 4189 # Western Kanto
	1027 4190 4191 # Easter Kanto
	733 735 4230 4231 # Western Korea
	734 736 2694 2745 4227 # Eastern Korea
	737 1013 2741 4228 4229 # Southern Korea
	667 668 2156 2157 2158 # Guangdong
	665 666 2159 2160 2161  # West Guangdong
	669 1829 2152 2153 # Fujian
	670 683 1833 2151 # Jiangxi
	684 1824 2148 2149 2150 # Zhejiang
	738 2154 2155 # Taiwan
	2162 2164 # Guangxi
	2239 # Jolof
	1122 1125 2252 2253 # Kong
	1138 2254 2255 2256 2267 # Lower Volta
	1140 1143 2291 2292 2295 # Atacora Oueme
	1144 1145 1146 1152 1153 # Lower Niger
	1161 1162 1249 2285 # Adamawa Plateau
	1166 4078 4079 # Kongolese Coast
	798 1169 1170 1901 2949 # Kongo
	4081 4085 4086 4088 # Lower Kasai
	4089 4090 4096 # Sankuru
	4098 4100 4101 4102 4103 # Shaba
	4067 4068 4069 # Rwanda
	4062 4064 4066 # Uganda
	4065 4074 4075 # Bunyoro
	1273 1925 4053 4054 4060 # Kenya
	1193 1194 4022 4031 4032 # Sakalava
	1792 4023 4027 # Madagascan Highlands
	788 1195 4049 4020 # Mozambique
	1196 1197 1198 1199 1201 # Central Swahili Coast
	4041 4044 4045 # Ngonde
	1183 1186 1192 # Quelimane
	1184 2950 2951 2952 # Zimbabwe
	761 762 763 764 # Rio De Janeiro
	2888 2903 2904 2905 # Mato Grosso
	1126 1139 1141 2257 2258 # West African Coast
	2889 2930 2933 2934 # Amazon
	747 2935 2938 # Amapa
	748 2890 2929 # Grao Para
	2887 # Rio Grande Do Sol
	1103 1100 1101 1102 1248 1999 1998 # Indian Ocean islands
	2728 2729 # Top End
	1996 1995 1235 1993 1992 1994 1991 1236 # Pacific Ocean islands
	4825 4826 4840 4821 4819 4820 4824 4823 4837 4822 4843# new sea
	4812 4813 4814 4809 4810 4811 4816 4808 4793 4794 4800 4801 4799 4845 4846 4847
	#Gensokyo
	5100 5101 4959 5103 5104 4958 4961 5108
	5109 5107 4957 5106 4997 5059 4955 5079 5077 5037
	5080 4975 5082 5091 5087 5088 5090 5089 4981 5114
	5112 5348 5398 5399 5400 5403 5419 5361 5362 5363
	5364 5365 5373 5375 5422 5430 5434 5435 5436 5437
	5438 5439 5440 5446 5447 5451 5454 5456 5457 5460
	5475 4998 4999 5039 5048 5222 5224 5225 5231 5234
	5235 5236 5241 5242 5243 5354 5470 5473 5474 5476
	5506 5514 5516 5517 5518 5519 5520 5521 5566 5567
	5569 5570 5571 5572 5573 5574 5575 5590 5591 5596
	5606 5607 5612 5613 5614 5622 5623 5624 5625 5626
	5628 5629 5637 5638 5639 5640 5644 5646 5647 5648
	5649 5650 5657 5658 5659 5660 5661 5662 5663 5664
	5665 5666 5667 5668 5669 5671 5672 5673 5674 5677
	5682 5687 6040 6041 6134 6137 6140 6141 6142 6143
	6147 6151 6152 6153 6154 6156 6161 6164 6165 6167
	6168 6169 6170 6171 6172 6173 6174 6176 6178 6179
	6180 6182 6185 6186 6188 6189 6190 6191 6200 6201
	6202 6203 6204 6205 6206 6207 6208 6277 6278 6279
	6280 6281 6282 6283 6284 6307 6308 6309 6310 6311
	6313 6316 6317 6318 6319 6320 6321 6322 6323 6340
}
severe_monsoon = { 
	
	531 2029 2030 2032 4427 # Kanara
	529 530 2089 4429 # Konkan
	517 2036 4430 # Tapti
	546 548 2050 4442 4443 # Berar
	550 551 2092 4458 4460 # Gondwana
	547 2048 4445 4446 4448 # Garjat
	553 2082 4447 4451 4452 # Upper Mahanadi
	564 2039 4474 4475 4478 # East Bengal
	561 2081 4476 4477 # West Bengal
	567 2091 4473 # Tripura
	563 2044 4479  # Gaur
	562 2045 2046 4486 # North Bengal
	566 571 2040 2042 4440 # Assam
	570 573 2041 # Naga Hills
	2097 2098 4468 # Baghelkhand
	559 2059 4459 4466 4467 # Bundelkhand
	509 511 2069 4493 # Himalayan Hills
	4491 4492 554 # Baisi Rajya
	557 2070 2071 4483 4485 # Nepal
	568 579 2402 # Rakhine
	590 1815 2403 # Lower Burma
	591 592 2404 2387 # North Tenasserim
	593 594 2390 2391 2394 # Tenasserim
	597 598 599 2393 2686 # Malaya
	621 622 623 2678 # Lampung
	2680 2681 2682 # Minangkabau
	634 2679 2683 2684 # Indonesian islands
	639 640 2706 2707 2708 # Kalimantan
	636 637 2703 2704 2705 # Brunei
	626 629 2689 2690 # Central Java
	624  2687 625 # West Java
	641 642 2715 2716 # South Sulawesi
	646 647 # Ceram
	1245 2718 2723 2724 # Vogelkop
	1118 1119 2241 2242 # Gulf of Guinea
	1151 1163 1164 1165 # Guinea
	1097 1306 # Sao Tome
	1147 2289 2290 2294  # Benin
	1114 1117 2238 # Futa Jallon
	4021 4024 4025 # Betsimasaraka
	4026 4029 # Antemoro
	1950 4401 4400 1787 2740 1789 2251 # Wastelands
	4815 4817 4818 4790 4791 4792 4802 4803 4804 4805 4806 4807 4795 4797 4798 4796
	#Gensokyo
	4956 4960 4962 4966 4967 4980 4988 4989 4991 4992
	5000 5030 5031 5032 5036 5040 5041 5042 5045 5052
	5057 5058 5060 5061 5062 5063 5064 5065 5066 5067
	5068 5069 5070 5085 5086 5096 5097 5098 5099 5102
	5105 5110 5111 5115 5116 5117 5118 5210 5212 5216
	5217 5219 5220 5226 5227 5306 5307 5308 5309 5310
	5311 5312 5313 5338 5349 5350 5353 5356 5366 5367
	5368 5369 5370 5371 5372 5374 5376 5377 5378 5379
	5380 5381 5382 5383 5384 5385 5386 5387 5388 5389
	5390 5391 5392 5393 5394 5395 5396 5397 5401 5402
	5404 5405 5406 5407 5408 5409 5410 5411 5412 5413
	5414 5415 5416 5417 5448 5477 5478 5479 5480 5481
	5482 5483 5484 5485 5486 5487 5488 5489 5490 5491
	5492 5493 5494 5495 5496 5497 5498 5499 5500 5501
	5502 5503 5504 5505 5507 5508 5509 5510 5511 5512
	5513 5515 5564 5565 5568 5595 5597 5598 5599 5600
	5601 5602 5603 5604 5605 5608 5609 5610 5611 5627
	5630 5631 5632 5633 5634 5635 5636 5641 5642 5643
	5645 5651 5652 5653 5654 5655 5656 5670 5675 5676
	5678 5679 5680 5681 5683 5684 5685 5686 5688 5689
	5690 5691 5692 5693 5694 5695 5696 5697 5698 5699
	5787 5788 5790 5791 6043 6054 6110 6111 6112 6113
	6114 6115 6116 6117 6118 6119 6120 6121 6122 6123
	6124 6125 6126 6127 6128 6129 6130 6131 6132 6133
	6135 6136 6138 6139 6162 6163 6175 6177 6181 6183
	6212 6213 6214 6215 6216 6217 6218 6219 6220 6221
	6222 6223 6224 6225 6226 6227 6228 6229 6230 6231
	6232 6233 6234 6235 6236 6237 6238 6239 6240 6241
	6242 6243 6244 6245 6246 6247 6248 6249 6250 6251
	6252 6253 6254 6255 6256 6257 6263 6264 6265 6267
	6268 6269 6270 6271 6272 6273 6274 6275 6276 6314
	6700 6701 6702 6703 6704 
}
equator_y_on_province_image = 656
